开彩日期,开彩日,彩号,秦庄,彩金,抽奖,史记秦本纪,史记楚辞,史记秦庄
2024-08-14,,8625,大馬彩,安慰奖,,和孩子散步,Strolling With Kid,萬能
2024-08-14,,8625,大馬彩,安慰奖,,查礼申,Check License,多多
2024-08-14,,8625,大馬彩,安慰奖,,打喷嚏,Sneeze,大馬彩
2023-07-29,,8625,萬能,二奖,,和孩子散步,Strolling With Kid,萬能
2023-07-29,,8625,萬能,二奖,,查礼申,Check License,多多
2023-07-29,,8625,萬能,二奖,,打喷嚏,Sneeze,大馬彩
2022-03-20,,8625,多多,三奖,,和孩子散步,Strolling With Kid,萬能
2022-03-20,,8625,多多,三奖,,查礼申,Check License,多多
2022-03-20,,8625,多多,三奖,,打喷嚏,Sneeze,大馬彩
2022-02-02,,8625,大馬彩,特别奖,,和孩子散步,Strolling With Kid,萬能
2022-02-02,,8625,大馬彩,特别奖,,查礼申,Check License,多多
2022-02-02,,8625,大馬彩,特别奖,,打喷嚏,Sneeze,大馬彩
2022-01-30,,8625,多多,安慰奖,,和孩子散步,Strolling With Kid,萬能
2022-01-30,,8625,多多,安慰奖,,查礼申,Check License,多多
2022-01-30,,8625,多多,安慰奖,,打喷嚏,Sneeze,大馬彩
2020-01-18,,8625,多多,特别奖,,和孩子散步,Strolling With Kid,萬能
2020-01-18,,8625,多多,特别奖,,查礼申,Check License,多多
2020-01-18,,8625,多多,特别奖,,打喷嚏,Sneeze,大馬彩
2019-07-06,,8625,萬能,首奖,,和孩子散步,Strolling With Kid,萬能
2019-07-06,,8625,萬能,首奖,,查礼申,Check License,多多
2019-07-06,,8625,萬能,首奖,,打喷嚏,Sneeze,大馬彩
2019-05-19,,8625,多多,特别奖,,和孩子散步,Strolling With Kid,萬能
2019-05-19,,8625,多多,特别奖,,查礼申,Check License,多多
2019-05-19,,8625,多多,特别奖,,打喷嚏,Sneeze,大馬彩
2018-07-01,,8625,大馬彩,特别奖,,和孩子散步,Strolling With Kid,萬能
2018-07-01,,8625,大馬彩,特别奖,,查礼申,Check License,多多
2018-07-01,,8625,大馬彩,特别奖,,打喷嚏,Sneeze,大馬彩
2018-05-27,,8625,星池,安慰奖,,和孩子散步,Strolling With Kid,萬能
2018-05-27,,8625,星池,安慰奖,,查礼申,Check License,多多
2018-05-27,,8625,星池,安慰奖,,打喷嚏,Sneeze,大馬彩
2017-06-04,,8625,星池,特别奖,,和孩子散步,Strolling With Kid,萬能
2017-06-04,,8625,星池,特别奖,,查礼申,Check License,多多
2017-06-04,,8625,星池,特别奖,,打喷嚏,Sneeze,大馬彩
2014-08-06,,8625,大馬彩,特别奖,,和孩子散步,Strolling With Kid,萬能
2014-08-06,,8625,大馬彩,特别奖,,查礼申,Check License,多多
2014-08-06,,8625,大馬彩,特别奖,,打喷嚏,Sneeze,大馬彩
2012-10-24,,8625,大馬彩,特别奖,,和孩子散步,Strolling With Kid,萬能
2012-10-24,,8625,大馬彩,特别奖,,查礼申,Check License,多多
2012-10-24,,8625,大馬彩,特别奖,,打喷嚏,Sneeze,大馬彩
2012-09-30,,8625,萬能,安慰奖,,和孩子散步,Strolling With Kid,萬能
2012-09-30,,8625,萬能,安慰奖,,查礼申,Check License,多多
2012-09-30,,8625,萬能,安慰奖,,打喷嚏,Sneeze,大馬彩
2012-02-26,,8625,大馬彩,安慰奖,,和孩子散步,Strolling With Kid,萬能
2012-02-26,,8625,大馬彩,安慰奖,,查礼申,Check License,多多
2012-02-26,,8625,大馬彩,安慰奖,,打喷嚏,Sneeze,大馬彩
2011-11-30,,8625,萬能,特别奖,,和孩子散步,Strolling With Kid,萬能
2011-11-30,,8625,萬能,特别奖,,查礼申,Check License,多多
2011-11-30,,8625,萬能,特别奖,,打喷嚏,Sneeze,大馬彩
2011-06-15,,8625,大馬彩,二奖,,和孩子散步,Strolling With Kid,萬能
2011-06-15,,8625,大馬彩,二奖,,查礼申,Check License,多多
2011-06-15,,8625,大馬彩,二奖,,打喷嚏,Sneeze,大馬彩
2010-11-07,,8625,萬能,首奖,,和孩子散步,Strolling With Kid,萬能
2010-11-07,,8625,萬能,首奖,,查礼申,Check License,多多
2010-11-07,,8625,萬能,首奖,,打喷嚏,Sneeze,大馬彩
2010-05-09,,8625,萬能,特别奖,,和孩子散步,Strolling With Kid,萬能
2010-05-09,,8625,萬能,特别奖,,查礼申,Check License,多多
2010-05-09,,8625,萬能,特别奖,,打喷嚏,Sneeze,大馬彩
2009-08-22,,8625,大馬彩,特别奖,,和孩子散步,Strolling With Kid,萬能
2009-08-22,,8625,大馬彩,特别奖,,查礼申,Check License,多多
2009-08-22,,8625,大馬彩,特别奖,,打喷嚏,Sneeze,大馬彩
2009-03-08,,8625,萬能,安慰奖,,和孩子散步,Strolling With Kid,萬能
2009-03-08,,8625,萬能,安慰奖,,查礼申,Check License,多多
2009-03-08,,8625,萬能,安慰奖,,打喷嚏,Sneeze,大馬彩
2008-03-23,,8625,大馬彩,安慰奖,,和孩子散步,Strolling With Kid,萬能
2008-03-23,,8625,大馬彩,安慰奖,,查礼申,Check License,多多
2008-03-23,,8625,大馬彩,安慰奖,,打喷嚏,Sneeze,大馬彩
2007-12-16,,8625,萬能,安慰奖,,和孩子散步,Strolling With Kid,萬能
2007-12-16,,8625,萬能,安慰奖,,查礼申,Check License,多多
2007-12-16,,8625,萬能,安慰奖,,打喷嚏,Sneeze,大馬彩
2007-07-25,,8625,多多,安慰奖,,和孩子散步,Strolling With Kid,萬能
2007-07-25,,8625,多多,安慰奖,,查礼申,Check License,多多
2007-07-25,,8625,多多,安慰奖,,打喷嚏,Sneeze,大馬彩
2005-01-15,,8625,萬能,特别奖,,和孩子散步,Strolling With Kid,萬能
2005-01-15,,8625,萬能,特别奖,,查礼申,Check License,多多
2005-01-15,,8625,萬能,特别奖,,打喷嚏,Sneeze,大馬彩
2004-03-31,,8625,大馬彩,特别奖,,和孩子散步,Strolling With Kid,萬能
2004-03-31,,8625,大馬彩,特别奖,,查礼申,Check License,多多
2004-03-31,,8625,大馬彩,特别奖,,打喷嚏,Sneeze,大馬彩
2003-09-06,,8625,多多,特别奖,,和孩子散步,Strolling With Kid,萬能
2003-09-06,,8625,多多,特别奖,,查礼申,Check License,多多
2003-09-06,,8625,多多,特别奖,,打喷嚏,Sneeze,大馬彩
2002-08-11,,8625,多多,特别奖,,和孩子散步,Strolling With Kid,萬能
2002-08-11,,8625,多多,特别奖,,查礼申,Check License,多多
2002-08-11,,8625,多多,特别奖,,打喷嚏,Sneeze,大馬彩
2001-12-08,,8625,大馬彩,特别奖,,和孩子散步,Strolling With Kid,萬能
2001-12-08,,8625,大馬彩,特别奖,,查礼申,Check License,多多
2001-12-08,,8625,大馬彩,特别奖,,打喷嚏,Sneeze,大馬彩
2001-11-11,,8625,多多,特别奖,,和孩子散步,Strolling With Kid,萬能
2001-11-11,,8625,多多,特别奖,,查礼申,Check License,多多
2001-11-11,,8625,多多,特别奖,,打喷嚏,Sneeze,大馬彩
2001-04-14,,8625,多多,安慰奖,,和孩子散步,Strolling With Kid,萬能
2001-04-14,,8625,多多,安慰奖,,查礼申,Check License,多多
2001-04-14,,8625,多多,安慰奖,,打喷嚏,Sneeze,大馬彩
2000-12-31,,8625,萬能,安慰奖,,和孩子散步,Strolling With Kid,萬能
2000-12-31,,8625,萬能,安慰奖,,查礼申,Check License,多多
2000-12-31,,8625,萬能,安慰奖,,打喷嚏,Sneeze,大馬彩
2000-11-29,,8625,萬能,特别奖,,和孩子散步,Strolling With Kid,萬能
2000-11-29,,8625,萬能,特别奖,,查礼申,Check License,多多
2000-11-29,,8625,萬能,特别奖,,打喷嚏,Sneeze,大馬彩
2000-03-01,,8625,大馬彩,特别奖,,和孩子散步,Strolling With Kid,萬能
2000-03-01,,8625,大馬彩,特别奖,,查礼申,Check License,多多
2000-03-01,,8625,大馬彩,特别奖,,打喷嚏,Sneeze,大馬彩
1999-08-18,,8625,大馬彩,安慰奖,,和孩子散步,Strolling With Kid,萬能
1999-08-18,,8625,大馬彩,安慰奖,,查礼申,Check License,多多
1999-08-18,,8625,大馬彩,安慰奖,,打喷嚏,Sneeze,大馬彩
1998-12-05,,8625,多多,特别奖,,和孩子散步,Strolling With Kid,萬能
1998-12-05,,8625,多多,特别奖,,查礼申,Check License,多多
1998-12-05,,8625,多多,特别奖,,打喷嚏,Sneeze,大馬彩
1998-07-25,,8625,大馬彩,安慰奖,,和孩子散步,Strolling With Kid,萬能
1998-07-25,,8625,大馬彩,安慰奖,,查礼申,Check License,多多
1998-07-25,,8625,大馬彩,安慰奖,,打喷嚏,Sneeze,大馬彩
1997-03-15,,8625,萬能,安慰奖,,和孩子散步,Strolling With Kid,萬能
1997-03-15,,8625,萬能,安慰奖,,查礼申,Check License,多多
1997-03-15,,8625,萬能,安慰奖,,打喷嚏,Sneeze,大馬彩
1996-07-21,,8625,大馬彩,特别奖,,和孩子散步,Strolling With Kid,萬能
1996-07-21,,8625,大馬彩,特别奖,,查礼申,Check License,多多
1996-07-21,,8625,大馬彩,特别奖,,打喷嚏,Sneeze,大馬彩
1996-01-07,,8625,萬能,特别奖,,和孩子散步,Strolling With Kid,萬能
1996-01-07,,8625,萬能,特别奖,,查礼申,Check License,多多
1996-01-07,,8625,萬能,特别奖,,打喷嚏,Sneeze,大馬彩
1995-06-17,,8625,多多,特别奖,,和孩子散步,Strolling With Kid,萬能
1995-06-17,,8625,多多,特别奖,,查礼申,Check License,多多
1995-06-17,,8625,多多,特别奖,,打喷嚏,Sneeze,大馬彩
1994-08-11,,8625,多多,特别奖,,和孩子散步,Strolling With Kid,萬能
1994-08-11,,8625,多多,特别奖,,查礼申,Check License,多多
1994-08-11,,8625,多多,特别奖,,打喷嚏,Sneeze,大馬彩
1993-04-08,,8625,多多,特别奖,,和孩子散步,Strolling With Kid,萬能
1993-04-08,,8625,多多,特别奖,,查礼申,Check License,多多
1993-04-08,,8625,多多,特别奖,,打喷嚏,Sneeze,大馬彩
1993-01-10,,8625,多多,安慰奖,,和孩子散步,Strolling With Kid,萬能
1993-01-10,,8625,多多,安慰奖,,查礼申,Check License,多多
1993-01-10,,8625,多多,安慰奖,,打喷嚏,Sneeze,大馬彩
1986-01-30,,8625,萬能,二奖,,和孩子散步,Strolling With Kid,萬能
1986-01-30,,8625,萬能,二奖,,查礼申,Check License,多多
1986-01-30,,8625,萬能,二奖,,打喷嚏,Sneeze,大馬彩
