开彩日期,彩号,秦庄,彩金,史记秦本纪,史记楚辞,史记秦庄
2024-03-31,0146,多多,特别奖,水晶宫,Crystal Palace,萬能
2024-03-31,0146,多多,特别奖,水晶宫,Crystal Palace,多多博彩
2024-03-31,0146,多多,特别奖,水晶宫,Crystal Palace,大馬彩
2023-08-02,0146,大馬彩,安慰奖,水晶宫,Crystal Palace,萬能
2023-08-02,0146,大馬彩,安慰奖,水晶宫,Crystal Palace,多多博彩
2023-08-02,0146,大馬彩,安慰奖,水晶宫,Crystal Palace,大馬彩
2023-05-27,0146,多多,特别奖,水晶宫,Crystal Palace,萬能
2023-05-27,0146,多多,特别奖,水晶宫,Crystal Palace,多多博彩
2023-05-27,0146,多多,特别奖,水晶宫,Crystal Palace,大馬彩
2022-12-11,0146,星池,特别奖,水晶宫,Crystal Palace,萬能
2022-12-11,0146,星池,特别奖,水晶宫,Crystal Palace,多多博彩
2022-12-11,0146,星池,特别奖,水晶宫,Crystal Palace,大馬彩
2022-09-10,0146,星池,安慰奖,水晶宫,Crystal Palace,萬能
2022-09-10,0146,星池,安慰奖,水晶宫,Crystal Palace,多多博彩
2022-09-10,0146,星池,安慰奖,水晶宫,Crystal Palace,大馬彩
2019-12-14,0146,星池,特别奖,水晶宫,Crystal Palace,萬能
2019-12-14,0146,星池,特别奖,水晶宫,Crystal Palace,多多博彩
2019-12-14,0146,星池,特别奖,水晶宫,Crystal Palace,大馬彩
2019-10-27,0146,多多,二奖,水晶宫,Crystal Palace,萬能
2019-10-27,0146,多多,二奖,水晶宫,Crystal Palace,多多博彩
2019-10-27,0146,多多,二奖,水晶宫,Crystal Palace,大馬彩
2017-07-09,0146,星池,安慰奖,水晶宫,Crystal Palace,萬能
2017-07-09,0146,星池,安慰奖,水晶宫,Crystal Palace,多多博彩
2017-07-09,0146,星池,安慰奖,水晶宫,Crystal Palace,大馬彩
2017-03-15,0146,星池,安慰奖,水晶宫,Crystal Palace,萬能
2017-03-15,0146,星池,安慰奖,水晶宫,Crystal Palace,多多博彩
2017-03-15,0146,星池,安慰奖,水晶宫,Crystal Palace,大馬彩
2016-09-28,0146,星池,安慰奖,水晶宫,Crystal Palace,萬能
2016-09-28,0146,星池,安慰奖,水晶宫,Crystal Palace,多多博彩
2016-09-28,0146,星池,安慰奖,水晶宫,Crystal Palace,大馬彩
2015-07-05,0146,星池,特别奖,水晶宫,Crystal Palace,萬能
2015-07-05,0146,星池,特别奖,水晶宫,Crystal Palace,多多博彩
2015-07-05,0146,星池,特别奖,水晶宫,Crystal Palace,大馬彩
2015-05-03,0146,萬能,特别奖,水晶宫,Crystal Palace,萬能
2015-05-03,0146,萬能,特别奖,水晶宫,Crystal Palace,多多博彩
2015-05-03,0146,萬能,特别奖,水晶宫,Crystal Palace,大馬彩
2015-02-18,0146,星池,特别奖,水晶宫,Crystal Palace,萬能
2015-02-18,0146,星池,特别奖,水晶宫,Crystal Palace,多多博彩
2015-02-18,0146,星池,特别奖,水晶宫,Crystal Palace,大馬彩
2014-12-21,0146,萬能,特别奖,水晶宫,Crystal Palace,萬能
2014-12-21,0146,萬能,特别奖,水晶宫,Crystal Palace,多多博彩
2014-12-21,0146,萬能,特别奖,水晶宫,Crystal Palace,大馬彩
2014-11-23,0146,多多,安慰奖,水晶宫,Crystal Palace,萬能
2014-11-23,0146,多多,安慰奖,水晶宫,Crystal Palace,多多博彩
2014-11-23,0146,多多,安慰奖,水晶宫,Crystal Palace,大馬彩
2014-06-04,0146,多多,三奖,水晶宫,Crystal Palace,萬能
2014-06-04,0146,多多,三奖,水晶宫,Crystal Palace,多多博彩
2014-06-04,0146,多多,三奖,水晶宫,Crystal Palace,大馬彩
2014-04-29,0146,多多,特别奖,水晶宫,Crystal Palace,萬能
2014-04-29,0146,多多,特别奖,水晶宫,Crystal Palace,多多博彩
2014-04-29,0146,多多,特别奖,水晶宫,Crystal Palace,大馬彩
2013-09-28,0146,萬能,安慰奖,水晶宫,Crystal Palace,萬能
2013-09-28,0146,萬能,安慰奖,水晶宫,Crystal Palace,多多博彩
2013-09-28,0146,萬能,安慰奖,水晶宫,Crystal Palace,大馬彩
2013-07-10,0146,萬能,二奖,水晶宫,Crystal Palace,萬能
2013-07-10,0146,萬能,二奖,水晶宫,Crystal Palace,多多博彩
2013-07-10,0146,萬能,二奖,水晶宫,Crystal Palace,大馬彩
2013-04-10,0146,萬能,安慰奖,水晶宫,Crystal Palace,萬能
2013-04-10,0146,萬能,安慰奖,水晶宫,Crystal Palace,多多博彩
2013-04-10,0146,萬能,安慰奖,水晶宫,Crystal Palace,大馬彩
2011-07-09,0146,星池,二奖,水晶宫,Crystal Palace,萬能
2011-07-09,0146,星池,二奖,水晶宫,Crystal Palace,多多博彩
2011-07-09,0146,星池,二奖,水晶宫,Crystal Palace,大馬彩
2010-12-11,0146,大馬彩,特别奖,水晶宫,Crystal Palace,萬能
2010-12-11,0146,大馬彩,特别奖,水晶宫,Crystal Palace,多多博彩
2010-12-11,0146,大馬彩,特别奖,水晶宫,Crystal Palace,大馬彩
2010-11-21,0146,星池,特别奖,水晶宫,Crystal Palace,萬能
2010-11-21,0146,星池,特别奖,水晶宫,Crystal Palace,多多博彩
2010-11-21,0146,星池,特别奖,水晶宫,Crystal Palace,大馬彩
2010-10-16,0146,大馬彩,特别奖,水晶宫,Crystal Palace,萬能
2010-10-16,0146,大馬彩,特别奖,水晶宫,Crystal Palace,多多博彩
2010-10-16,0146,大馬彩,特别奖,水晶宫,Crystal Palace,大馬彩
2010-10-10,0146,星池,特别奖,水晶宫,Crystal Palace,萬能
2010-10-10,0146,星池,特别奖,水晶宫,Crystal Palace,多多博彩
2010-10-10,0146,星池,特别奖,水晶宫,Crystal Palace,大馬彩
2010-06-06,0146,星池,特别奖,水晶宫,Crystal Palace,萬能
2010-06-06,0146,星池,特别奖,水晶宫,Crystal Palace,多多博彩
2010-06-06,0146,星池,特别奖,水晶宫,Crystal Palace,大馬彩
2009-06-30,0146,多多,安慰奖,水晶宫,Crystal Palace,萬能
2009-06-30,0146,多多,安慰奖,水晶宫,Crystal Palace,多多博彩
2009-06-30,0146,多多,安慰奖,水晶宫,Crystal Palace,大馬彩
2008-07-19,0146,多多,特别奖,水晶宫,Crystal Palace,萬能
2008-07-19,0146,多多,特别奖,水晶宫,Crystal Palace,多多博彩
2008-07-19,0146,多多,特别奖,水晶宫,Crystal Palace,大馬彩
2007-08-11,0146,多多,安慰奖,水晶宫,Crystal Palace,萬能
2007-08-11,0146,多多,安慰奖,水晶宫,Crystal Palace,多多博彩
2007-08-11,0146,多多,安慰奖,水晶宫,Crystal Palace,大馬彩
2007-07-01,0146,萬能,特别奖,水晶宫,Crystal Palace,萬能
2007-07-01,0146,萬能,特别奖,水晶宫,Crystal Palace,多多博彩
2007-07-01,0146,萬能,特别奖,水晶宫,Crystal Palace,大馬彩
2007-02-17,0146,萬能,安慰奖,水晶宫,Crystal Palace,萬能
2007-02-17,0146,萬能,安慰奖,水晶宫,Crystal Palace,多多博彩
2007-02-17,0146,萬能,安慰奖,水晶宫,Crystal Palace,大馬彩
2006-01-29,0146,多多,安慰奖,水晶宫,Crystal Palace,萬能
2006-01-29,0146,多多,安慰奖,水晶宫,Crystal Palace,多多博彩
2006-01-29,0146,多多,安慰奖,水晶宫,Crystal Palace,大馬彩
2003-08-02,0146,大馬彩,安慰奖,水晶宫,Crystal Palace,萬能
2003-08-02,0146,大馬彩,安慰奖,水晶宫,Crystal Palace,多多博彩
2003-08-02,0146,大馬彩,安慰奖,水晶宫,Crystal Palace,大馬彩
2001-12-22,0146,萬能,特别奖,水晶宫,Crystal Palace,萬能
2001-12-22,0146,萬能,特别奖,水晶宫,Crystal Palace,多多博彩
2001-12-22,0146,萬能,特别奖,水晶宫,Crystal Palace,大馬彩
2001-12-15,0146,多多,安慰奖,水晶宫,Crystal Palace,萬能
2001-12-15,0146,多多,安慰奖,水晶宫,Crystal Palace,多多博彩
2001-12-15,0146,多多,安慰奖,水晶宫,Crystal Palace,大馬彩
2001-06-30,0146,大馬彩,首奖,水晶宫,Crystal Palace,萬能
2001-06-30,0146,大馬彩,首奖,水晶宫,Crystal Palace,多多博彩
2001-06-30,0146,大馬彩,首奖,水晶宫,Crystal Palace,大馬彩
2001-06-10,0146,萬能,安慰奖,水晶宫,Crystal Palace,萬能
2001-06-10,0146,萬能,安慰奖,水晶宫,Crystal Palace,多多博彩
2001-06-10,0146,萬能,安慰奖,水晶宫,Crystal Palace,大馬彩
2000-10-08,0146,大馬彩,安慰奖,水晶宫,Crystal Palace,萬能
2000-10-08,0146,大馬彩,安慰奖,水晶宫,Crystal Palace,多多博彩
2000-10-08,0146,大馬彩,安慰奖,水晶宫,Crystal Palace,大馬彩
2000-10-08,0146,萬能,特别奖,水晶宫,Crystal Palace,萬能
2000-10-08,0146,萬能,特别奖,水晶宫,Crystal Palace,多多博彩
2000-10-08,0146,萬能,特别奖,水晶宫,Crystal Palace,大馬彩
2000-09-16,0146,大馬彩,特别奖,水晶宫,Crystal Palace,萬能
2000-09-16,0146,大馬彩,特别奖,水晶宫,Crystal Palace,多多博彩
2000-09-16,0146,大馬彩,特别奖,水晶宫,Crystal Palace,大馬彩
1999-05-22,0146,多多,安慰奖,水晶宫,Crystal Palace,萬能
1999-05-22,0146,多多,安慰奖,水晶宫,Crystal Palace,多多博彩
1999-05-22,0146,多多,安慰奖,水晶宫,Crystal Palace,大馬彩
1998-04-22,0146,萬能,特别奖,水晶宫,Crystal Palace,萬能
1998-04-22,0146,萬能,特别奖,水晶宫,Crystal Palace,多多博彩
1998-04-22,0146,萬能,特别奖,水晶宫,Crystal Palace,大馬彩
1997-01-29,0146,萬能,特别奖,水晶宫,Crystal Palace,萬能
1997-01-29,0146,萬能,特别奖,水晶宫,Crystal Palace,多多博彩
1997-01-29,0146,萬能,特别奖,水晶宫,Crystal Palace,大馬彩
1996-12-08,0146,多多,三奖,水晶宫,Crystal Palace,萬能
1996-12-08,0146,多多,三奖,水晶宫,Crystal Palace,多多博彩
1996-12-08,0146,多多,三奖,水晶宫,Crystal Palace,大馬彩
1996-09-07,0146,大馬彩,安慰奖,水晶宫,Crystal Palace,萬能
1996-09-07,0146,大馬彩,安慰奖,水晶宫,Crystal Palace,多多博彩
1996-09-07,0146,大馬彩,安慰奖,水晶宫,Crystal Palace,大馬彩
1995-12-20,0146,多多,特别奖,水晶宫,Crystal Palace,萬能
1995-12-20,0146,多多,特别奖,水晶宫,Crystal Palace,多多博彩
1995-12-20,0146,多多,特别奖,水晶宫,Crystal Palace,大馬彩
1995-12-06,0146,多多,安慰奖,水晶宫,Crystal Palace,萬能
1995-12-06,0146,多多,安慰奖,水晶宫,Crystal Palace,多多博彩
1995-12-06,0146,多多,安慰奖,水晶宫,Crystal Palace,大馬彩
1995-01-01,0146,多多,特别奖,水晶宫,Crystal Palace,萬能
1995-01-01,0146,多多,特别奖,水晶宫,Crystal Palace,多多博彩
1995-01-01,0146,多多,特别奖,水晶宫,Crystal Palace,大馬彩
1994-07-30,0146,多多,特别奖,水晶宫,Crystal Palace,萬能
1994-07-30,0146,多多,特别奖,水晶宫,Crystal Palace,多多博彩
1994-07-30,0146,多多,特别奖,水晶宫,Crystal Palace,大馬彩
1994-02-10,0146,多多,特别奖,水晶宫,Crystal Palace,萬能
1994-02-10,0146,多多,特别奖,水晶宫,Crystal Palace,多多博彩
1994-02-10,0146,多多,特别奖,水晶宫,Crystal Palace,大馬彩
1994-01-15,0146,大馬彩,特别奖,水晶宫,Crystal Palace,萬能
1994-01-15,0146,大馬彩,特别奖,水晶宫,Crystal Palace,多多博彩
1994-01-15,0146,大馬彩,特别奖,水晶宫,Crystal Palace,大馬彩
1993-05-30,0146,大馬彩,安慰奖,水晶宫,Crystal Palace,萬能
1993-05-30,0146,大馬彩,安慰奖,水晶宫,Crystal Palace,多多博彩
1993-05-30,0146,大馬彩,安慰奖,水晶宫,Crystal Palace,大馬彩
1989-06-08,0146,多多,特别奖,水晶宫,Crystal Palace,萬能
1989-06-08,0146,多多,特别奖,水晶宫,Crystal Palace,多多博彩
1989-06-08,0146,多多,特别奖,水晶宫,Crystal Palace,大馬彩
1989-01-23,0146,多多,二奖,水晶宫,Crystal Palace,萬能
1989-01-23,0146,多多,二奖,水晶宫,Crystal Palace,多多博彩
1989-01-23,0146,多多,二奖,水晶宫,Crystal Palace,大馬彩
1988-09-22,0146,多多,特别奖,水晶宫,Crystal Palace,萬能
1988-09-22,0146,多多,特别奖,水晶宫,Crystal Palace,多多博彩
1988-09-22,0146,多多,特别奖,水晶宫,Crystal Palace,大馬彩
1987-01-10,0146,多多,特别奖,水晶宫,Crystal Palace,萬能
1987-01-10,0146,多多,特别奖,水晶宫,Crystal Palace,多多博彩
1987-01-10,0146,多多,特别奖,水晶宫,Crystal Palace,大馬彩
