开彩日期,开彩日,彩号,秦庄,彩金,抽奖,史记秦本纪,史记楚辞,史记秦庄
2024-03-06,,9325,萬能,三奖,,原子,Atom,萬能
2024-03-06,,9325,萬能,三奖,,礼,Ceremony/Gift,多多
2024-03-06,,9325,萬能,三奖,,电线短路,Electrical Short Circuit,大馬彩
2023-10-11,,9325,星池,特别奖,,原子,Atom,萬能
2023-10-11,,9325,星池,特别奖,,礼,Ceremony/Gift,多多
2023-10-11,,9325,星池,特别奖,,电线短路,Electrical Short Circuit,大馬彩
2023-05-10,,9325,大馬彩,安慰奖,,原子,Atom,萬能
2023-05-10,,9325,大馬彩,安慰奖,,礼,Ceremony/Gift,多多
2023-05-10,,9325,大馬彩,安慰奖,,电线短路,Electrical Short Circuit,大馬彩
2023-03-19,,9325,萬能,三奖,,原子,Atom,萬能
2023-03-19,,9325,萬能,三奖,,礼,Ceremony/Gift,多多
2023-03-19,,9325,萬能,三奖,,电线短路,Electrical Short Circuit,大馬彩
2022-11-06,,9325,大馬彩,特别奖,,原子,Atom,萬能
2022-11-06,,9325,大馬彩,特别奖,,礼,Ceremony/Gift,多多
2022-11-06,,9325,大馬彩,特别奖,,电线短路,Electrical Short Circuit,大馬彩
2022-06-15,,9325,大馬彩,特别奖,,原子,Atom,萬能
2022-06-15,,9325,大馬彩,特别奖,,礼,Ceremony/Gift,多多
2022-06-15,,9325,大馬彩,特别奖,,电线短路,Electrical Short Circuit,大馬彩
2021-12-22,,9325,萬能,首奖,,原子,Atom,萬能
2021-12-22,,9325,萬能,首奖,,礼,Ceremony/Gift,多多
2021-12-22,,9325,萬能,首奖,,电线短路,Electrical Short Circuit,大馬彩
2021-11-03,,9325,多多,特别奖,,原子,Atom,萬能
2021-11-03,,9325,多多,特别奖,,礼,Ceremony/Gift,多多
2021-11-03,,9325,多多,特别奖,,电线短路,Electrical Short Circuit,大馬彩
2021-04-07,,9325,星池,特别奖,,原子,Atom,萬能
2021-04-07,,9325,星池,特别奖,,礼,Ceremony/Gift,多多
2021-04-07,,9325,星池,特别奖,,电线短路,Electrical Short Circuit,大馬彩
2021-03-17,,9325,萬能,安慰奖,,原子,Atom,萬能
2021-03-17,,9325,萬能,安慰奖,,礼,Ceremony/Gift,多多
2021-03-17,,9325,萬能,安慰奖,,电线短路,Electrical Short Circuit,大馬彩
2020-09-02,,9325,萬能,安慰奖,,原子,Atom,萬能
2020-09-02,,9325,萬能,安慰奖,,礼,Ceremony/Gift,多多
2020-09-02,,9325,萬能,安慰奖,,电线短路,Electrical Short Circuit,大馬彩
2019-06-30,,9325,萬能,安慰奖,,原子,Atom,萬能
2019-06-30,,9325,萬能,安慰奖,,礼,Ceremony/Gift,多多
2019-06-30,,9325,萬能,安慰奖,,电线短路,Electrical Short Circuit,大馬彩
2019-05-12,,9325,大馬彩,特别奖,,原子,Atom,萬能
2019-05-12,,9325,大馬彩,特别奖,,礼,Ceremony/Gift,多多
2019-05-12,,9325,大馬彩,特别奖,,电线短路,Electrical Short Circuit,大馬彩
2019-02-09,,9325,大馬彩,安慰奖,,原子,Atom,萬能
2019-02-09,,9325,大馬彩,安慰奖,,礼,Ceremony/Gift,多多
2019-02-09,,9325,大馬彩,安慰奖,,电线短路,Electrical Short Circuit,大馬彩
2018-04-07,,9325,萬能,安慰奖,,原子,Atom,萬能
2018-04-07,,9325,萬能,安慰奖,,礼,Ceremony/Gift,多多
2018-04-07,,9325,萬能,安慰奖,,电线短路,Electrical Short Circuit,大馬彩
2018-03-03,,9325,星池,安慰奖,,原子,Atom,萬能
2018-03-03,,9325,星池,安慰奖,,礼,Ceremony/Gift,多多
2018-03-03,,9325,星池,安慰奖,,电线短路,Electrical Short Circuit,大馬彩
2017-11-01,,9325,大馬彩,特别奖,,原子,Atom,萬能
2017-11-01,,9325,大馬彩,特别奖,,礼,Ceremony/Gift,多多
2017-11-01,,9325,大馬彩,特别奖,,电线短路,Electrical Short Circuit,大馬彩
2017-02-28,,9325,多多,安慰奖,,原子,Atom,萬能
2017-02-28,,9325,多多,安慰奖,,礼,Ceremony/Gift,多多
2017-02-28,,9325,多多,安慰奖,,电线短路,Electrical Short Circuit,大馬彩
2017-02-22,,9325,星池,特别奖,,原子,Atom,萬能
2017-02-22,,9325,星池,特别奖,,礼,Ceremony/Gift,多多
2017-02-22,,9325,星池,特别奖,,电线短路,Electrical Short Circuit,大馬彩
2016-10-05,,9325,星池,三奖,,原子,Atom,萬能
2016-10-05,,9325,星池,三奖,,礼,Ceremony/Gift,多多
2016-10-05,,9325,星池,三奖,,电线短路,Electrical Short Circuit,大馬彩
2015-03-15,,9325,星池,三奖,,原子,Atom,萬能
2015-03-15,,9325,星池,三奖,,礼,Ceremony/Gift,多多
2015-03-15,,9325,星池,三奖,,电线短路,Electrical Short Circuit,大馬彩
2015-01-31,,9325,大馬彩,二奖,,原子,Atom,萬能
2015-01-31,,9325,大馬彩,二奖,,礼,Ceremony/Gift,多多
2015-01-31,,9325,大馬彩,二奖,,电线短路,Electrical Short Circuit,大馬彩
2014-09-10,,9325,多多,安慰奖,,原子,Atom,萬能
2014-09-10,,9325,多多,安慰奖,,礼,Ceremony/Gift,多多
2014-09-10,,9325,多多,安慰奖,,电线短路,Electrical Short Circuit,大馬彩
2014-07-12,,9325,星池,特别奖,,原子,Atom,萬能
2014-07-12,,9325,星池,特别奖,,礼,Ceremony/Gift,多多
2014-07-12,,9325,星池,特别奖,,电线短路,Electrical Short Circuit,大馬彩
2014-07-12,,9325,萬能,安慰奖,,原子,Atom,萬能
2014-07-12,,9325,萬能,安慰奖,,礼,Ceremony/Gift,多多
2014-07-12,,9325,萬能,安慰奖,,电线短路,Electrical Short Circuit,大馬彩
2012-11-18,,9325,星池,安慰奖,,原子,Atom,萬能
2012-11-18,,9325,星池,安慰奖,,礼,Ceremony/Gift,多多
2012-11-18,,9325,星池,安慰奖,,电线短路,Electrical Short Circuit,大馬彩
2012-08-15,,9325,星池,安慰奖,,原子,Atom,萬能
2012-08-15,,9325,星池,安慰奖,,礼,Ceremony/Gift,多多
2012-08-15,,9325,星池,安慰奖,,电线短路,Electrical Short Circuit,大馬彩
2012-03-28,,9325,多多,安慰奖,,原子,Atom,萬能
2012-03-28,,9325,多多,安慰奖,,礼,Ceremony/Gift,多多
2012-03-28,,9325,多多,安慰奖,,电线短路,Electrical Short Circuit,大馬彩
2011-12-24,,9325,多多,特别奖,,原子,Atom,萬能
2011-12-24,,9325,多多,特别奖,,礼,Ceremony/Gift,多多
2011-12-24,,9325,多多,特别奖,,电线短路,Electrical Short Circuit,大馬彩
2011-04-30,,9325,萬能,安慰奖,,原子,Atom,萬能
2011-04-30,,9325,萬能,安慰奖,,礼,Ceremony/Gift,多多
2011-04-30,,9325,萬能,安慰奖,,电线短路,Electrical Short Circuit,大馬彩
2010-12-08,,9325,大馬彩,特别奖,,原子,Atom,萬能
2010-12-08,,9325,大馬彩,特别奖,,礼,Ceremony/Gift,多多
2010-12-08,,9325,大馬彩,特别奖,,电线短路,Electrical Short Circuit,大馬彩
2009-02-18,,9325,星池,特别奖,,原子,Atom,萬能
2009-02-18,,9325,星池,特别奖,,礼,Ceremony/Gift,多多
2009-02-18,,9325,星池,特别奖,,电线短路,Electrical Short Circuit,大馬彩
2007-11-03,,9325,萬能,安慰奖,,原子,Atom,萬能
2007-11-03,,9325,萬能,安慰奖,,礼,Ceremony/Gift,多多
2007-11-03,,9325,萬能,安慰奖,,电线短路,Electrical Short Circuit,大馬彩
2003-10-25,,9325,大馬彩,安慰奖,,原子,Atom,萬能
2003-10-25,,9325,大馬彩,安慰奖,,礼,Ceremony/Gift,多多
2003-10-25,,9325,大馬彩,安慰奖,,电线短路,Electrical Short Circuit,大馬彩
2001-09-30,,9325,多多,特别奖,,原子,Atom,萬能
2001-09-30,,9325,多多,特别奖,,礼,Ceremony/Gift,多多
2001-09-30,,9325,多多,特别奖,,电线短路,Electrical Short Circuit,大馬彩
2000-07-26,,9325,大馬彩,首奖,,原子,Atom,萬能
2000-07-26,,9325,大馬彩,首奖,,礼,Ceremony/Gift,多多
2000-07-26,,9325,大馬彩,首奖,,电线短路,Electrical Short Circuit,大馬彩
2000-04-22,,9325,大馬彩,特别奖,,原子,Atom,萬能
2000-04-22,,9325,大馬彩,特别奖,,礼,Ceremony/Gift,多多
2000-04-22,,9325,大馬彩,特别奖,,电线短路,Electrical Short Circuit,大馬彩
2000-04-02,,9325,大馬彩,特别奖,,原子,Atom,萬能
2000-04-02,,9325,大馬彩,特别奖,,礼,Ceremony/Gift,多多
2000-04-02,,9325,大馬彩,特别奖,,电线短路,Electrical Short Circuit,大馬彩
1999-12-29,,9325,萬能,特别奖,,原子,Atom,萬能
1999-12-29,,9325,萬能,特别奖,,礼,Ceremony/Gift,多多
1999-12-29,,9325,萬能,特别奖,,电线短路,Electrical Short Circuit,大馬彩
1999-08-01,,9325,多多,安慰奖,,原子,Atom,萬能
1999-08-01,,9325,多多,安慰奖,,礼,Ceremony/Gift,多多
1999-08-01,,9325,多多,安慰奖,,电线短路,Electrical Short Circuit,大馬彩
1999-05-12,,9325,多多,特别奖,,原子,Atom,萬能
1999-05-12,,9325,多多,特别奖,,礼,Ceremony/Gift,多多
1999-05-12,,9325,多多,特别奖,,电线短路,Electrical Short Circuit,大馬彩
1998-04-22,,9325,萬能,二奖,,原子,Atom,萬能
1998-04-22,,9325,萬能,二奖,,礼,Ceremony/Gift,多多
1998-04-22,,9325,萬能,二奖,,电线短路,Electrical Short Circuit,大馬彩
1997-09-14,,9325,多多,三奖,,原子,Atom,萬能
1997-09-14,,9325,多多,三奖,,礼,Ceremony/Gift,多多
1997-09-14,,9325,多多,三奖,,电线短路,Electrical Short Circuit,大馬彩
1997-06-04,,9325,萬能,特别奖,,原子,Atom,萬能
1997-06-04,,9325,萬能,特别奖,,礼,Ceremony/Gift,多多
1997-06-04,,9325,萬能,特别奖,,电线短路,Electrical Short Circuit,大馬彩
1996-11-17,,9325,大馬彩,安慰奖,,原子,Atom,萬能
1996-11-17,,9325,大馬彩,安慰奖,,礼,Ceremony/Gift,多多
1996-11-17,,9325,大馬彩,安慰奖,,电线短路,Electrical Short Circuit,大馬彩
1996-11-02,,9325,大馬彩,特别奖,,原子,Atom,萬能
1996-11-02,,9325,大馬彩,特别奖,,礼,Ceremony/Gift,多多
1996-11-02,,9325,大馬彩,特别奖,,电线短路,Electrical Short Circuit,大馬彩
1996-05-05,,9325,大馬彩,安慰奖,,原子,Atom,萬能
1996-05-05,,9325,大馬彩,安慰奖,,礼,Ceremony/Gift,多多
1996-05-05,,9325,大馬彩,安慰奖,,电线短路,Electrical Short Circuit,大馬彩
1996-02-28,,9325,多多,特别奖,,原子,Atom,萬能
1996-02-28,,9325,多多,特别奖,,礼,Ceremony/Gift,多多
1996-02-28,,9325,多多,特别奖,,电线短路,Electrical Short Circuit,大馬彩
1995-11-22,,9325,萬能,安慰奖,,原子,Atom,萬能
1995-11-22,,9325,萬能,安慰奖,,礼,Ceremony/Gift,多多
1995-11-22,,9325,萬能,安慰奖,,电线短路,Electrical Short Circuit,大馬彩
1995-06-25,,9325,多多,首奖,,原子,Atom,萬能
1995-06-25,,9325,多多,首奖,,礼,Ceremony/Gift,多多
1995-06-25,,9325,多多,首奖,,电线短路,Electrical Short Circuit,大馬彩
1994-11-27,,9325,大馬彩,特别奖,,原子,Atom,萬能
1994-11-27,,9325,大馬彩,特别奖,,礼,Ceremony/Gift,多多
1994-11-27,,9325,大馬彩,特别奖,,电线短路,Electrical Short Circuit,大馬彩
1994-04-10,,9325,大馬彩,特别奖,,原子,Atom,萬能
1994-04-10,,9325,大馬彩,特别奖,,礼,Ceremony/Gift,多多
1994-04-10,,9325,大馬彩,特别奖,,电线短路,Electrical Short Circuit,大馬彩
1994-03-16,,9325,多多,安慰奖,,原子,Atom,萬能
1994-03-16,,9325,多多,安慰奖,,礼,Ceremony/Gift,多多
1994-03-16,,9325,多多,安慰奖,,电线短路,Electrical Short Circuit,大馬彩
1991-07-20,,9325,萬能,特别奖,,原子,Atom,萬能
1991-07-20,,9325,萬能,特别奖,,礼,Ceremony/Gift,多多
1991-07-20,,9325,萬能,特别奖,,电线短路,Electrical Short Circuit,大馬彩
1991-02-28,,9325,萬能,安慰奖,,原子,Atom,萬能
1991-02-28,,9325,萬能,安慰奖,,礼,Ceremony/Gift,多多
1991-02-28,,9325,萬能,安慰奖,,电线短路,Electrical Short Circuit,大馬彩
1988-08-15,,9325,萬能,安慰奖,,原子,Atom,萬能
1988-08-15,,9325,萬能,安慰奖,,礼,Ceremony/Gift,多多
1988-08-15,,9325,萬能,安慰奖,,电线短路,Electrical Short Circuit,大馬彩
1988-01-30,,9325,萬能,特别奖,,原子,Atom,萬能
1988-01-30,,9325,萬能,特别奖,,礼,Ceremony/Gift,多多
1988-01-30,,9325,萬能,特别奖,,电线短路,Electrical Short Circuit,大馬彩
1985-11-09,,9325,萬能,特别奖,,原子,Atom,萬能
1985-11-09,,9325,萬能,特别奖,,礼,Ceremony/Gift,多多
1985-11-09,,9325,萬能,特别奖,,电线短路,Electrical Short Circuit,大馬彩
