开彩日期,彩号,秦庄,彩金,史记秦本纪,史记楚辞,史记秦庄
2024-07-14,1361,星池,特别奖,水泥铲,Cement Spade,萬能
2024-07-14,1361,星池,特别奖,灰池,Trowel,多多博彩
2024-07-14,1361,星池,特别奖,灰池,Concrete Trowel,大馬彩
2023-11-04,1361,萬能,安慰奖,水泥铲,Cement Spade,萬能
2023-11-04,1361,萬能,安慰奖,灰池,Trowel,多多博彩
2023-11-04,1361,萬能,安慰奖,灰池,Concrete Trowel,大馬彩
2021-12-19,1361,大馬彩,三奖,水泥铲,Cement Spade,萬能
2021-12-19,1361,大馬彩,三奖,灰池,Trowel,多多博彩
2021-12-19,1361,大馬彩,三奖,灰池,Concrete Trowel,大馬彩
2021-06-16,1361,星池,特别奖,水泥铲,Cement Spade,萬能
2021-06-16,1361,星池,特别奖,灰池,Trowel,多多博彩
2021-06-16,1361,星池,特别奖,灰池,Concrete Trowel,大馬彩
2021-04-14,1361,萬能,首奖,水泥铲,Cement Spade,萬能
2021-04-14,1361,萬能,首奖,灰池,Trowel,多多博彩
2021-04-14,1361,萬能,首奖,灰池,Concrete Trowel,大馬彩
2020-12-30,1361,多多,安慰奖,水泥铲,Cement Spade,萬能
2020-12-30,1361,多多,安慰奖,灰池,Trowel,多多博彩
2020-12-30,1361,多多,安慰奖,灰池,Concrete Trowel,大馬彩
2020-10-10,1361,大馬彩,特别奖,水泥铲,Cement Spade,萬能
2020-10-10,1361,大馬彩,特别奖,灰池,Trowel,多多博彩
2020-10-10,1361,大馬彩,特别奖,灰池,Concrete Trowel,大馬彩
2020-09-26,1361,大馬彩,特别奖,水泥铲,Cement Spade,萬能
2020-09-26,1361,大馬彩,特别奖,灰池,Trowel,多多博彩
2020-09-26,1361,大馬彩,特别奖,灰池,Concrete Trowel,大馬彩
2019-12-08,1361,大馬彩,安慰奖,水泥铲,Cement Spade,萬能
2019-12-08,1361,大馬彩,安慰奖,灰池,Trowel,多多博彩
2019-12-08,1361,大馬彩,安慰奖,灰池,Concrete Trowel,大馬彩
2019-11-17,1361,多多,安慰奖,水泥铲,Cement Spade,萬能
2019-11-17,1361,多多,安慰奖,灰池,Trowel,多多博彩
2019-11-17,1361,多多,安慰奖,灰池,Concrete Trowel,大馬彩
2018-07-25,1361,多多,特别奖,水泥铲,Cement Spade,萬能
2018-07-25,1361,多多,特别奖,灰池,Trowel,多多博彩
2018-07-25,1361,多多,特别奖,灰池,Concrete Trowel,大馬彩
2017-12-30,1361,大馬彩,安慰奖,水泥铲,Cement Spade,萬能
2017-12-30,1361,大馬彩,安慰奖,灰池,Trowel,多多博彩
2017-12-30,1361,大馬彩,安慰奖,灰池,Concrete Trowel,大馬彩
2017-07-19,1361,星池,安慰奖,水泥铲,Cement Spade,萬能
2017-07-19,1361,星池,安慰奖,灰池,Trowel,多多博彩
2017-07-19,1361,星池,安慰奖,灰池,Concrete Trowel,大馬彩
2016-07-31,1361,多多,安慰奖,水泥铲,Cement Spade,萬能
2016-07-31,1361,多多,安慰奖,灰池,Trowel,多多博彩
2016-07-31,1361,多多,安慰奖,灰池,Concrete Trowel,大馬彩
2016-05-07,1361,星池,安慰奖,水泥铲,Cement Spade,萬能
2016-05-07,1361,星池,安慰奖,灰池,Trowel,多多博彩
2016-05-07,1361,星池,安慰奖,灰池,Concrete Trowel,大馬彩
2015-11-08,1361,多多,安慰奖,水泥铲,Cement Spade,萬能
2015-11-08,1361,多多,安慰奖,灰池,Trowel,多多博彩
2015-11-08,1361,多多,安慰奖,灰池,Concrete Trowel,大馬彩
2015-03-08,1361,大馬彩,安慰奖,水泥铲,Cement Spade,萬能
2015-03-08,1361,大馬彩,安慰奖,灰池,Trowel,多多博彩
2015-03-08,1361,大馬彩,安慰奖,灰池,Concrete Trowel,大馬彩
2013-09-07,1361,萬能,特别奖,水泥铲,Cement Spade,萬能
2013-09-07,1361,萬能,特别奖,灰池,Trowel,多多博彩
2013-09-07,1361,萬能,特别奖,灰池,Concrete Trowel,大馬彩
2012-09-23,1361,多多,安慰奖,水泥铲,Cement Spade,萬能
2012-09-23,1361,多多,安慰奖,灰池,Trowel,多多博彩
2012-09-23,1361,多多,安慰奖,灰池,Concrete Trowel,大馬彩
2012-07-18,1361,萬能,安慰奖,水泥铲,Cement Spade,萬能
2012-07-18,1361,萬能,安慰奖,灰池,Trowel,多多博彩
2012-07-18,1361,萬能,安慰奖,灰池,Concrete Trowel,大馬彩
2010-09-19,1361,大馬彩,安慰奖,水泥铲,Cement Spade,萬能
2010-09-19,1361,大馬彩,安慰奖,灰池,Trowel,多多博彩
2010-09-19,1361,大馬彩,安慰奖,灰池,Concrete Trowel,大馬彩
2009-09-13,1361,星池,三奖,水泥铲,Cement Spade,萬能
2009-09-13,1361,星池,三奖,灰池,Trowel,多多博彩
2009-09-13,1361,星池,三奖,灰池,Concrete Trowel,大馬彩
2009-05-23,1361,星池,安慰奖,水泥铲,Cement Spade,萬能
2009-05-23,1361,星池,安慰奖,灰池,Trowel,多多博彩
2009-05-23,1361,星池,安慰奖,灰池,Concrete Trowel,大馬彩
2008-04-19,1361,星池,安慰奖,水泥铲,Cement Spade,萬能
2008-04-19,1361,星池,安慰奖,灰池,Trowel,多多博彩
2008-04-19,1361,星池,安慰奖,灰池,Concrete Trowel,大馬彩
2007-06-02,1361,多多,安慰奖,水泥铲,Cement Spade,萬能
2007-06-02,1361,多多,安慰奖,灰池,Trowel,多多博彩
2007-06-02,1361,多多,安慰奖,灰池,Concrete Trowel,大馬彩
2007-03-28,1361,大馬彩,特别奖,水泥铲,Cement Spade,萬能
2007-03-28,1361,大馬彩,特别奖,灰池,Trowel,多多博彩
2007-03-28,1361,大馬彩,特别奖,灰池,Concrete Trowel,大馬彩
2003-07-26,1361,大馬彩,二奖,水泥铲,Cement Spade,萬能
2003-07-26,1361,大馬彩,二奖,灰池,Trowel,多多博彩
2003-07-26,1361,大馬彩,二奖,灰池,Concrete Trowel,大馬彩
2002-09-11,1361,萬能,首奖,水泥铲,Cement Spade,萬能
2002-09-11,1361,萬能,首奖,灰池,Trowel,多多博彩
2002-09-11,1361,萬能,首奖,灰池,Concrete Trowel,大馬彩
2002-05-22,1361,大馬彩,特别奖,水泥铲,Cement Spade,萬能
2002-05-22,1361,大馬彩,特别奖,灰池,Trowel,多多博彩
2002-05-22,1361,大馬彩,特别奖,灰池,Concrete Trowel,大馬彩
2002-04-27,1361,多多,安慰奖,水泥铲,Cement Spade,萬能
2002-04-27,1361,多多,安慰奖,灰池,Trowel,多多博彩
2002-04-27,1361,多多,安慰奖,灰池,Concrete Trowel,大馬彩
2002-02-14,1361,多多,特别奖,水泥铲,Cement Spade,萬能
2002-02-14,1361,多多,特别奖,灰池,Trowel,多多博彩
2002-02-14,1361,多多,特别奖,灰池,Concrete Trowel,大馬彩
2002-02-02,1361,萬能,安慰奖,水泥铲,Cement Spade,萬能
2002-02-02,1361,萬能,安慰奖,灰池,Trowel,多多博彩
2002-02-02,1361,萬能,安慰奖,灰池,Concrete Trowel,大馬彩
1999-09-22,1361,多多,特别奖,水泥铲,Cement Spade,萬能
1999-09-22,1361,多多,特别奖,灰池,Trowel,多多博彩
1999-09-22,1361,多多,特别奖,灰池,Concrete Trowel,大馬彩
1999-03-07,1361,大馬彩,安慰奖,水泥铲,Cement Spade,萬能
1999-03-07,1361,大馬彩,安慰奖,灰池,Trowel,多多博彩
1999-03-07,1361,大馬彩,安慰奖,灰池,Concrete Trowel,大馬彩
1998-07-18,1361,大馬彩,特别奖,水泥铲,Cement Spade,萬能
1998-07-18,1361,大馬彩,特别奖,灰池,Trowel,多多博彩
1998-07-18,1361,大馬彩,特别奖,灰池,Concrete Trowel,大馬彩
1996-05-22,1361,多多,特别奖,水泥铲,Cement Spade,萬能
1996-05-22,1361,多多,特别奖,灰池,Trowel,多多博彩
1996-05-22,1361,多多,特别奖,灰池,Concrete Trowel,大馬彩
1994-05-18,1361,萬能,二奖,水泥铲,Cement Spade,萬能
1994-05-18,1361,萬能,二奖,灰池,Trowel,多多博彩
1994-05-18,1361,萬能,二奖,灰池,Concrete Trowel,大馬彩
1994-04-07,1361,萬能,特别奖,水泥铲,Cement Spade,萬能
1994-04-07,1361,萬能,特别奖,灰池,Trowel,多多博彩
1994-04-07,1361,萬能,特别奖,灰池,Concrete Trowel,大馬彩
1993-05-19,1361,大馬彩,安慰奖,水泥铲,Cement Spade,萬能
1993-05-19,1361,大馬彩,安慰奖,灰池,Trowel,多多博彩
1993-05-19,1361,大馬彩,安慰奖,灰池,Concrete Trowel,大馬彩
1993-05-02,1361,萬能,特别奖,水泥铲,Cement Spade,萬能
1993-05-02,1361,萬能,特别奖,灰池,Trowel,多多博彩
1993-05-02,1361,萬能,特别奖,灰池,Concrete Trowel,大馬彩
1992-09-27,1361,大馬彩,安慰奖,水泥铲,Cement Spade,萬能
1992-09-27,1361,大馬彩,安慰奖,灰池,Trowel,多多博彩
1992-09-27,1361,大馬彩,安慰奖,灰池,Concrete Trowel,大馬彩
