开彩日期,开彩日,彩号,秦庄,彩金,抽奖,史记秦本纪,史记楚辞,史记秦庄
2024-10-29,,5383,萬能,特别奖,,上厕所,Going To Toilet,萬能
2024-10-29,,5383,萬能,特别奖,,上厕所,To The Toilet,多多
2024-10-29,,5383,萬能,特别奖,,腹泻/疴,Diarrhoea,大馬彩
2024-01-31,,5383,星池,安慰奖,,上厕所,Going To Toilet,萬能
2024-01-31,,5383,星池,安慰奖,,上厕所,To The Toilet,多多
2024-01-31,,5383,星池,安慰奖,,腹泻/疴,Diarrhoea,大馬彩
2022-09-25,,5383,多多,特别奖,,上厕所,Going To Toilet,萬能
2022-09-25,,5383,多多,特别奖,,上厕所,To The Toilet,多多
2022-09-25,,5383,多多,特别奖,,腹泻/疴,Diarrhoea,大馬彩
2022-09-04,,5383,大馬彩,特别奖,,上厕所,Going To Toilet,萬能
2022-09-04,,5383,大馬彩,特别奖,,上厕所,To The Toilet,多多
2022-09-04,,5383,大馬彩,特别奖,,腹泻/疴,Diarrhoea,大馬彩
2020-10-11,,5383,多多,安慰奖,,上厕所,Going To Toilet,萬能
2020-10-11,,5383,多多,安慰奖,,上厕所,To The Toilet,多多
2020-10-11,,5383,多多,安慰奖,,腹泻/疴,Diarrhoea,大馬彩
2019-07-24,,5383,星池,安慰奖,,上厕所,Going To Toilet,萬能
2019-07-24,,5383,星池,安慰奖,,上厕所,To The Toilet,多多
2019-07-24,,5383,星池,安慰奖,,腹泻/疴,Diarrhoea,大馬彩
2018-02-03,,5383,星池,安慰奖,,上厕所,Going To Toilet,萬能
2018-02-03,,5383,星池,安慰奖,,上厕所,To The Toilet,多多
2018-02-03,,5383,星池,安慰奖,,腹泻/疴,Diarrhoea,大馬彩
2017-04-19,,5383,星池,特别奖,,上厕所,Going To Toilet,萬能
2017-04-19,,5383,星池,特别奖,,上厕所,To The Toilet,多多
2017-04-19,,5383,星池,特别奖,,腹泻/疴,Diarrhoea,大馬彩
2017-03-22,,5383,大馬彩,特别奖,,上厕所,Going To Toilet,萬能
2017-03-22,,5383,大馬彩,特别奖,,上厕所,To The Toilet,多多
2017-03-22,,5383,大馬彩,特别奖,,腹泻/疴,Diarrhoea,大馬彩
2017-03-19,,5383,大馬彩,特别奖,,上厕所,Going To Toilet,萬能
2017-03-19,,5383,大馬彩,特别奖,,上厕所,To The Toilet,多多
2017-03-19,,5383,大馬彩,特别奖,,腹泻/疴,Diarrhoea,大馬彩
2017-02-22,,5383,多多,安慰奖,,上厕所,Going To Toilet,萬能
2017-02-22,,5383,多多,安慰奖,,上厕所,To The Toilet,多多
2017-02-22,,5383,多多,安慰奖,,腹泻/疴,Diarrhoea,大馬彩
2016-10-12,,5383,多多,安慰奖,,上厕所,Going To Toilet,萬能
2016-10-12,,5383,多多,安慰奖,,上厕所,To The Toilet,多多
2016-10-12,,5383,多多,安慰奖,,腹泻/疴,Diarrhoea,大馬彩
2016-01-20,,5383,大馬彩,特别奖,,上厕所,Going To Toilet,萬能
2016-01-20,,5383,大馬彩,特别奖,,上厕所,To The Toilet,多多
2016-01-20,,5383,大馬彩,特别奖,,腹泻/疴,Diarrhoea,大馬彩
2015-08-01,,5383,多多,安慰奖,,上厕所,Going To Toilet,萬能
2015-08-01,,5383,多多,安慰奖,,上厕所,To The Toilet,多多
2015-08-01,,5383,多多,安慰奖,,腹泻/疴,Diarrhoea,大馬彩
2013-08-14,,5383,多多,首奖,,上厕所,Going To Toilet,萬能
2013-08-14,,5383,多多,首奖,,上厕所,To The Toilet,多多
2013-08-14,,5383,多多,首奖,,腹泻/疴,Diarrhoea,大馬彩
2013-04-20,,5383,多多,特别奖,,上厕所,Going To Toilet,萬能
2013-04-20,,5383,多多,特别奖,,上厕所,To The Toilet,多多
2013-04-20,,5383,多多,特别奖,,腹泻/疴,Diarrhoea,大馬彩
2012-05-09,,5383,大馬彩,安慰奖,,上厕所,Going To Toilet,萬能
2012-05-09,,5383,大馬彩,安慰奖,,上厕所,To The Toilet,多多
2012-05-09,,5383,大馬彩,安慰奖,,腹泻/疴,Diarrhoea,大馬彩
2011-12-27,,5383,萬能,二奖,,上厕所,Going To Toilet,萬能
2011-12-27,,5383,萬能,二奖,,上厕所,To The Toilet,多多
2011-12-27,,5383,萬能,二奖,,腹泻/疴,Diarrhoea,大馬彩
2010-06-20,,5383,星池,特别奖,,上厕所,Going To Toilet,萬能
2010-06-20,,5383,星池,特别奖,,上厕所,To The Toilet,多多
2010-06-20,,5383,星池,特别奖,,腹泻/疴,Diarrhoea,大馬彩
2009-11-25,,5383,星池,安慰奖,,上厕所,Going To Toilet,萬能
2009-11-25,,5383,星池,安慰奖,,上厕所,To The Toilet,多多
2009-11-25,,5383,星池,安慰奖,,腹泻/疴,Diarrhoea,大馬彩
2007-06-10,,5383,大馬彩,安慰奖,,上厕所,Going To Toilet,萬能
2007-06-10,,5383,大馬彩,安慰奖,,上厕所,To The Toilet,多多
2007-06-10,,5383,大馬彩,安慰奖,,腹泻/疴,Diarrhoea,大馬彩
2007-05-20,,5383,多多,特别奖,,上厕所,Going To Toilet,萬能
2007-05-20,,5383,多多,特别奖,,上厕所,To The Toilet,多多
2007-05-20,,5383,多多,特别奖,,腹泻/疴,Diarrhoea,大馬彩
2007-01-28,,5383,萬能,三奖,,上厕所,Going To Toilet,萬能
2007-01-28,,5383,萬能,三奖,,上厕所,To The Toilet,多多
2007-01-28,,5383,萬能,三奖,,腹泻/疴,Diarrhoea,大馬彩
2006-06-07,,5383,萬能,安慰奖,,上厕所,Going To Toilet,萬能
2006-06-07,,5383,萬能,安慰奖,,上厕所,To The Toilet,多多
2006-06-07,,5383,萬能,安慰奖,,腹泻/疴,Diarrhoea,大馬彩
2006-03-11,,5383,萬能,三奖,,上厕所,Going To Toilet,萬能
2006-03-11,,5383,萬能,三奖,,上厕所,To The Toilet,多多
2006-03-11,,5383,萬能,三奖,,腹泻/疴,Diarrhoea,大馬彩
2005-12-07,,5383,萬能,安慰奖,,上厕所,Going To Toilet,萬能
2005-12-07,,5383,萬能,安慰奖,,上厕所,To The Toilet,多多
2005-12-07,,5383,萬能,安慰奖,,腹泻/疴,Diarrhoea,大馬彩
2004-09-11,,5383,萬能,特别奖,,上厕所,Going To Toilet,萬能
2004-09-11,,5383,萬能,特别奖,,上厕所,To The Toilet,多多
2004-09-11,,5383,萬能,特别奖,,腹泻/疴,Diarrhoea,大馬彩
2004-02-29,,5383,大馬彩,安慰奖,,上厕所,Going To Toilet,萬能
2004-02-29,,5383,大馬彩,安慰奖,,上厕所,To The Toilet,多多
2004-02-29,,5383,大馬彩,安慰奖,,腹泻/疴,Diarrhoea,大馬彩
2002-05-18,,5383,大馬彩,首奖,,上厕所,Going To Toilet,萬能
2002-05-18,,5383,大馬彩,首奖,,上厕所,To The Toilet,多多
2002-05-18,,5383,大馬彩,首奖,,腹泻/疴,Diarrhoea,大馬彩
2001-12-22,,5383,多多,特别奖,,上厕所,Going To Toilet,萬能
2001-12-22,,5383,多多,特别奖,,上厕所,To The Toilet,多多
2001-12-22,,5383,多多,特别奖,,腹泻/疴,Diarrhoea,大馬彩
2001-05-19,,5383,大馬彩,安慰奖,,上厕所,Going To Toilet,萬能
2001-05-19,,5383,大馬彩,安慰奖,,上厕所,To The Toilet,多多
2001-05-19,,5383,大馬彩,安慰奖,,腹泻/疴,Diarrhoea,大馬彩
2001-02-07,,5383,多多,特别奖,,上厕所,Going To Toilet,萬能
2001-02-07,,5383,多多,特别奖,,上厕所,To The Toilet,多多
2001-02-07,,5383,多多,特别奖,,腹泻/疴,Diarrhoea,大馬彩
2000-02-16,,5383,萬能,安慰奖,,上厕所,Going To Toilet,萬能
2000-02-16,,5383,萬能,安慰奖,,上厕所,To The Toilet,多多
2000-02-16,,5383,萬能,安慰奖,,腹泻/疴,Diarrhoea,大馬彩
1999-11-17,,5383,大馬彩,特别奖,,上厕所,Going To Toilet,萬能
1999-11-17,,5383,大馬彩,特别奖,,上厕所,To The Toilet,多多
1999-11-17,,5383,大馬彩,特别奖,,腹泻/疴,Diarrhoea,大馬彩
1999-07-17,,5383,大馬彩,安慰奖,,上厕所,Going To Toilet,萬能
1999-07-17,,5383,大馬彩,安慰奖,,上厕所,To The Toilet,多多
1999-07-17,,5383,大馬彩,安慰奖,,腹泻/疴,Diarrhoea,大馬彩
1998-02-07,,5383,大馬彩,特别奖,,上厕所,Going To Toilet,萬能
1998-02-07,,5383,大馬彩,特别奖,,上厕所,To The Toilet,多多
1998-02-07,,5383,大馬彩,特别奖,,腹泻/疴,Diarrhoea,大馬彩
1997-08-24,,5383,多多,特别奖,,上厕所,Going To Toilet,萬能
1997-08-24,,5383,多多,特别奖,,上厕所,To The Toilet,多多
1997-08-24,,5383,多多,特别奖,,腹泻/疴,Diarrhoea,大馬彩
1996-08-24,,5383,多多,安慰奖,,上厕所,Going To Toilet,萬能
1996-08-24,,5383,多多,安慰奖,,上厕所,To The Toilet,多多
1996-08-24,,5383,多多,安慰奖,,腹泻/疴,Diarrhoea,大馬彩
1996-07-20,,5383,大馬彩,安慰奖,,上厕所,Going To Toilet,萬能
1996-07-20,,5383,大馬彩,安慰奖,,上厕所,To The Toilet,多多
1996-07-20,,5383,大馬彩,安慰奖,,腹泻/疴,Diarrhoea,大馬彩
1996-03-13,,5383,多多,特别奖,,上厕所,Going To Toilet,萬能
1996-03-13,,5383,多多,特别奖,,上厕所,To The Toilet,多多
1996-03-13,,5383,多多,特别奖,,腹泻/疴,Diarrhoea,大馬彩
1995-09-02,,5383,大馬彩,特别奖,,上厕所,Going To Toilet,萬能
1995-09-02,,5383,大馬彩,特别奖,,上厕所,To The Toilet,多多
1995-09-02,,5383,大馬彩,特别奖,,腹泻/疴,Diarrhoea,大馬彩
1991-06-29,,5383,萬能,安慰奖,,上厕所,Going To Toilet,萬能
1991-06-29,,5383,萬能,安慰奖,,上厕所,To The Toilet,多多
1991-06-29,,5383,萬能,安慰奖,,腹泻/疴,Diarrhoea,大馬彩
1990-09-17,,5383,萬能,安慰奖,,上厕所,Going To Toilet,萬能
1990-09-17,,5383,萬能,安慰奖,,上厕所,To The Toilet,多多
1990-09-17,,5383,萬能,安慰奖,,腹泻/疴,Diarrhoea,大馬彩
1987-11-21,,5383,萬能,安慰奖,,上厕所,Going To Toilet,萬能
1987-11-21,,5383,萬能,安慰奖,,上厕所,To The Toilet,多多
1987-11-21,,5383,萬能,安慰奖,,腹泻/疴,Diarrhoea,大馬彩
1987-08-29,,5383,萬能,安慰奖,,上厕所,Going To Toilet,萬能
1987-08-29,,5383,萬能,安慰奖,,上厕所,To The Toilet,多多
1987-08-29,,5383,萬能,安慰奖,,腹泻/疴,Diarrhoea,大馬彩
1987-05-09,,5383,萬能,二奖,,上厕所,Going To Toilet,萬能
1987-05-09,,5383,萬能,二奖,,上厕所,To The Toilet,多多
1987-05-09,,5383,萬能,二奖,,腹泻/疴,Diarrhoea,大馬彩
1986-04-13,,5383,萬能,特别奖,,上厕所,Going To Toilet,萬能
1986-04-13,,5383,萬能,特别奖,,上厕所,To The Toilet,多多
1986-04-13,,5383,萬能,特别奖,,腹泻/疴,Diarrhoea,大馬彩
1985-07-25,,5383,萬能,特别奖,,上厕所,Going To Toilet,萬能
1985-07-25,,5383,萬能,特别奖,,上厕所,To The Toilet,多多
1985-07-25,,5383,萬能,特别奖,,腹泻/疴,Diarrhoea,大馬彩
