开彩日期,彩号,秦庄,彩金,史记秦本纪,史记楚辞,史记秦庄
2024-03-27,4932,多多,特别奖,冰雕家,Ice Sculptor,萬能
2024-03-27,4932,多多,特别奖,百事可乐,Pepsi Cola,多多博彩
2024-03-27,4932,多多,特别奖,天意,Gods Will,大馬彩
2023-12-03,4932,萬能,特别奖,冰雕家,Ice Sculptor,萬能
2023-12-03,4932,萬能,特别奖,百事可乐,Pepsi Cola,多多博彩
2023-12-03,4932,萬能,特别奖,天意,Gods Will,大馬彩
2022-02-12,4932,大馬彩,安慰奖,冰雕家,Ice Sculptor,萬能
2022-02-12,4932,大馬彩,安慰奖,百事可乐,Pepsi Cola,多多博彩
2022-02-12,4932,大馬彩,安慰奖,天意,Gods Will,大馬彩
2022-01-29,4932,星池,特别奖,冰雕家,Ice Sculptor,萬能
2022-01-29,4932,星池,特别奖,百事可乐,Pepsi Cola,多多博彩
2022-01-29,4932,星池,特别奖,天意,Gods Will,大馬彩
2021-04-04,4932,星池,特别奖,冰雕家,Ice Sculptor,萬能
2021-04-04,4932,星池,特别奖,百事可乐,Pepsi Cola,多多博彩
2021-04-04,4932,星池,特别奖,天意,Gods Will,大馬彩
2020-12-13,4932,萬能,特别奖,冰雕家,Ice Sculptor,萬能
2020-12-13,4932,萬能,特别奖,百事可乐,Pepsi Cola,多多博彩
2020-12-13,4932,萬能,特别奖,天意,Gods Will,大馬彩
2017-09-03,4932,星池,安慰奖,冰雕家,Ice Sculptor,萬能
2017-09-03,4932,星池,安慰奖,百事可乐,Pepsi Cola,多多博彩
2017-09-03,4932,星池,安慰奖,天意,Gods Will,大馬彩
2017-03-18,4932,萬能,安慰奖,冰雕家,Ice Sculptor,萬能
2017-03-18,4932,萬能,安慰奖,百事可乐,Pepsi Cola,多多博彩
2017-03-18,4932,萬能,安慰奖,天意,Gods Will,大馬彩
2016-01-27,4932,萬能,二奖,冰雕家,Ice Sculptor,萬能
2016-01-27,4932,萬能,二奖,百事可乐,Pepsi Cola,多多博彩
2016-01-27,4932,萬能,二奖,天意,Gods Will,大馬彩
2015-04-15,4932,大馬彩,特别奖,冰雕家,Ice Sculptor,萬能
2015-04-15,4932,大馬彩,特别奖,百事可乐,Pepsi Cola,多多博彩
2015-04-15,4932,大馬彩,特别奖,天意,Gods Will,大馬彩
2015-01-04,4932,星池,安慰奖,冰雕家,Ice Sculptor,萬能
2015-01-04,4932,星池,安慰奖,百事可乐,Pepsi Cola,多多博彩
2015-01-04,4932,星池,安慰奖,天意,Gods Will,大馬彩
2014-11-15,4932,多多,安慰奖,冰雕家,Ice Sculptor,萬能
2014-11-15,4932,多多,安慰奖,百事可乐,Pepsi Cola,多多博彩
2014-11-15,4932,多多,安慰奖,天意,Gods Will,大馬彩
2014-05-31,4932,多多,特别奖,冰雕家,Ice Sculptor,萬能
2014-05-31,4932,多多,特别奖,百事可乐,Pepsi Cola,多多博彩
2014-05-31,4932,多多,特别奖,天意,Gods Will,大馬彩
2014-02-19,4932,多多,特别奖,冰雕家,Ice Sculptor,萬能
2014-02-19,4932,多多,特别奖,百事可乐,Pepsi Cola,多多博彩
2014-02-19,4932,多多,特别奖,天意,Gods Will,大馬彩
2014-01-18,4932,星池,安慰奖,冰雕家,Ice Sculptor,萬能
2014-01-18,4932,星池,安慰奖,百事可乐,Pepsi Cola,多多博彩
2014-01-18,4932,星池,安慰奖,天意,Gods Will,大馬彩
2013-10-30,4932,星池,安慰奖,冰雕家,Ice Sculptor,萬能
2013-10-30,4932,星池,安慰奖,百事可乐,Pepsi Cola,多多博彩
2013-10-30,4932,星池,安慰奖,天意,Gods Will,大馬彩
2013-07-14,4932,萬能,特别奖,冰雕家,Ice Sculptor,萬能
2013-07-14,4932,萬能,特别奖,百事可乐,Pepsi Cola,多多博彩
2013-07-14,4932,萬能,特别奖,天意,Gods Will,大馬彩
2013-05-15,4932,星池,特别奖,冰雕家,Ice Sculptor,萬能
2013-05-15,4932,星池,特别奖,百事可乐,Pepsi Cola,多多博彩
2013-05-15,4932,星池,特别奖,天意,Gods Will,大馬彩
2012-01-14,4932,大馬彩,特别奖,冰雕家,Ice Sculptor,萬能
2012-01-14,4932,大馬彩,特别奖,百事可乐,Pepsi Cola,多多博彩
2012-01-14,4932,大馬彩,特别奖,天意,Gods Will,大馬彩
2011-09-27,4932,大馬彩,三奖,冰雕家,Ice Sculptor,萬能
2011-09-27,4932,大馬彩,三奖,百事可乐,Pepsi Cola,多多博彩
2011-09-27,4932,大馬彩,三奖,天意,Gods Will,大馬彩
2011-08-17,4932,大馬彩,特别奖,冰雕家,Ice Sculptor,萬能
2011-08-17,4932,大馬彩,特别奖,百事可乐,Pepsi Cola,多多博彩
2011-08-17,4932,大馬彩,特别奖,天意,Gods Will,大馬彩
2009-07-14,4932,萬能,安慰奖,冰雕家,Ice Sculptor,萬能
2009-07-14,4932,萬能,安慰奖,百事可乐,Pepsi Cola,多多博彩
2009-07-14,4932,萬能,安慰奖,天意,Gods Will,大馬彩
2009-05-10,4932,大馬彩,安慰奖,冰雕家,Ice Sculptor,萬能
2009-05-10,4932,大馬彩,安慰奖,百事可乐,Pepsi Cola,多多博彩
2009-05-10,4932,大馬彩,安慰奖,天意,Gods Will,大馬彩
2008-06-21,4932,星池,安慰奖,冰雕家,Ice Sculptor,萬能
2008-06-21,4932,星池,安慰奖,百事可乐,Pepsi Cola,多多博彩
2008-06-21,4932,星池,安慰奖,天意,Gods Will,大馬彩
2008-04-13,4932,萬能,特别奖,冰雕家,Ice Sculptor,萬能
2008-04-13,4932,萬能,特别奖,百事可乐,Pepsi Cola,多多博彩
2008-04-13,4932,萬能,特别奖,天意,Gods Will,大馬彩
2008-03-26,4932,萬能,特别奖,冰雕家,Ice Sculptor,萬能
2008-03-26,4932,萬能,特别奖,百事可乐,Pepsi Cola,多多博彩
2008-03-26,4932,萬能,特别奖,天意,Gods Will,大馬彩
2007-09-15,4932,多多,二奖,冰雕家,Ice Sculptor,萬能
2007-09-15,4932,多多,二奖,百事可乐,Pepsi Cola,多多博彩
2007-09-15,4932,多多,二奖,天意,Gods Will,大馬彩
2006-04-16,4932,大馬彩,安慰奖,冰雕家,Ice Sculptor,萬能
2006-04-16,4932,大馬彩,安慰奖,百事可乐,Pepsi Cola,多多博彩
2006-04-16,4932,大馬彩,安慰奖,天意,Gods Will,大馬彩
2005-03-13,4932,多多,安慰奖,冰雕家,Ice Sculptor,萬能
2005-03-13,4932,多多,安慰奖,百事可乐,Pepsi Cola,多多博彩
2005-03-13,4932,多多,安慰奖,天意,Gods Will,大馬彩
2005-03-09,4932,大馬彩,特别奖,冰雕家,Ice Sculptor,萬能
2005-03-09,4932,大馬彩,特别奖,百事可乐,Pepsi Cola,多多博彩
2005-03-09,4932,大馬彩,特别奖,天意,Gods Will,大馬彩
2005-03-09,4932,多多,安慰奖,冰雕家,Ice Sculptor,萬能
2005-03-09,4932,多多,安慰奖,百事可乐,Pepsi Cola,多多博彩
2005-03-09,4932,多多,安慰奖,天意,Gods Will,大馬彩
2004-05-01,4932,萬能,特别奖,冰雕家,Ice Sculptor,萬能
2004-05-01,4932,萬能,特别奖,百事可乐,Pepsi Cola,多多博彩
2004-05-01,4932,萬能,特别奖,天意,Gods Will,大馬彩
2004-01-10,4932,多多,三奖,冰雕家,Ice Sculptor,萬能
2004-01-10,4932,多多,三奖,百事可乐,Pepsi Cola,多多博彩
2004-01-10,4932,多多,三奖,天意,Gods Will,大馬彩
2003-11-29,4932,多多,特别奖,冰雕家,Ice Sculptor,萬能
2003-11-29,4932,多多,特别奖,百事可乐,Pepsi Cola,多多博彩
2003-11-29,4932,多多,特别奖,天意,Gods Will,大馬彩
2002-06-04,4932,大馬彩,特别奖,冰雕家,Ice Sculptor,萬能
2002-06-04,4932,大馬彩,特别奖,百事可乐,Pepsi Cola,多多博彩
2002-06-04,4932,大馬彩,特别奖,天意,Gods Will,大馬彩
2002-04-17,4932,萬能,特别奖,冰雕家,Ice Sculptor,萬能
2002-04-17,4932,萬能,特别奖,百事可乐,Pepsi Cola,多多博彩
2002-04-17,4932,萬能,特别奖,天意,Gods Will,大馬彩
1999-12-22,4932,萬能,安慰奖,冰雕家,Ice Sculptor,萬能
1999-12-22,4932,萬能,安慰奖,百事可乐,Pepsi Cola,多多博彩
1999-12-22,4932,萬能,安慰奖,天意,Gods Will,大馬彩
1999-12-05,4932,萬能,特别奖,冰雕家,Ice Sculptor,萬能
1999-12-05,4932,萬能,特别奖,百事可乐,Pepsi Cola,多多博彩
1999-12-05,4932,萬能,特别奖,天意,Gods Will,大馬彩
1999-10-09,4932,萬能,特别奖,冰雕家,Ice Sculptor,萬能
1999-10-09,4932,萬能,特别奖,百事可乐,Pepsi Cola,多多博彩
1999-10-09,4932,萬能,特别奖,天意,Gods Will,大馬彩
1998-12-26,4932,萬能,三奖,冰雕家,Ice Sculptor,萬能
1998-12-26,4932,萬能,三奖,百事可乐,Pepsi Cola,多多博彩
1998-12-26,4932,萬能,三奖,天意,Gods Will,大馬彩
1998-10-25,4932,大馬彩,安慰奖,冰雕家,Ice Sculptor,萬能
1998-10-25,4932,大馬彩,安慰奖,百事可乐,Pepsi Cola,多多博彩
1998-10-25,4932,大馬彩,安慰奖,天意,Gods Will,大馬彩
1998-06-17,4932,萬能,首奖,冰雕家,Ice Sculptor,萬能
1998-06-17,4932,萬能,首奖,百事可乐,Pepsi Cola,多多博彩
1998-06-17,4932,萬能,首奖,天意,Gods Will,大馬彩
1998-03-07,4932,萬能,安慰奖,冰雕家,Ice Sculptor,萬能
1998-03-07,4932,萬能,安慰奖,百事可乐,Pepsi Cola,多多博彩
1998-03-07,4932,萬能,安慰奖,天意,Gods Will,大馬彩
1996-08-31,4932,大馬彩,安慰奖,冰雕家,Ice Sculptor,萬能
1996-08-31,4932,大馬彩,安慰奖,百事可乐,Pepsi Cola,多多博彩
1996-08-31,4932,大馬彩,安慰奖,天意,Gods Will,大馬彩
1996-07-10,4932,大馬彩,特别奖,冰雕家,Ice Sculptor,萬能
1996-07-10,4932,大馬彩,特别奖,百事可乐,Pepsi Cola,多多博彩
1996-07-10,4932,大馬彩,特别奖,天意,Gods Will,大馬彩
1996-02-10,4932,大馬彩,安慰奖,冰雕家,Ice Sculptor,萬能
1996-02-10,4932,大馬彩,安慰奖,百事可乐,Pepsi Cola,多多博彩
1996-02-10,4932,大馬彩,安慰奖,天意,Gods Will,大馬彩
1996-02-07,4932,多多,安慰奖,冰雕家,Ice Sculptor,萬能
1996-02-07,4932,多多,安慰奖,百事可乐,Pepsi Cola,多多博彩
1996-02-07,4932,多多,安慰奖,天意,Gods Will,大馬彩
1995-05-27,4932,大馬彩,特别奖,冰雕家,Ice Sculptor,萬能
1995-05-27,4932,大馬彩,特别奖,百事可乐,Pepsi Cola,多多博彩
1995-05-27,4932,大馬彩,特别奖,天意,Gods Will,大馬彩
1994-05-22,4932,大馬彩,安慰奖,冰雕家,Ice Sculptor,萬能
1994-05-22,4932,大馬彩,安慰奖,百事可乐,Pepsi Cola,多多博彩
1994-05-22,4932,大馬彩,安慰奖,天意,Gods Will,大馬彩
1992-12-10,4932,萬能,特别奖,冰雕家,Ice Sculptor,萬能
1992-12-10,4932,萬能,特别奖,百事可乐,Pepsi Cola,多多博彩
1992-12-10,4932,萬能,特别奖,天意,Gods Will,大馬彩
1992-01-20,4932,多多,特别奖,冰雕家,Ice Sculptor,萬能
1992-01-20,4932,多多,特别奖,百事可乐,Pepsi Cola,多多博彩
1992-01-20,4932,多多,特别奖,天意,Gods Will,大馬彩
