开彩日期,彩号,秦庄,彩金,史记秦本纪,史记楚辞,史记秦庄
2024-09-29,2515,大馬彩,安慰奖,汶莱元,Brunei Dollar,萬能
2024-09-29,2515,大馬彩,安慰奖,野猪,Wild Boar,多多博彩
2024-09-29,2515,大馬彩,安慰奖,威尔斯,Wales,大馬彩
2024-08-10,2515,萬能,首奖,汶莱元,Brunei Dollar,萬能
2024-08-10,2515,萬能,首奖,野猪,Wild Boar,多多博彩
2024-08-10,2515,萬能,首奖,威尔斯,Wales,大馬彩
2024-07-21,2515,大馬彩,特别奖,汶莱元,Brunei Dollar,萬能
2024-07-21,2515,大馬彩,特别奖,野猪,Wild Boar,多多博彩
2024-07-21,2515,大馬彩,特别奖,威尔斯,Wales,大馬彩
2024-05-12,2515,星池,特别奖,汶莱元,Brunei Dollar,萬能
2024-05-12,2515,星池,特别奖,野猪,Wild Boar,多多博彩
2024-05-12,2515,星池,特别奖,威尔斯,Wales,大馬彩
2024-01-27,2515,星池,特别奖,汶莱元,Brunei Dollar,萬能
2024-01-27,2515,星池,特别奖,野猪,Wild Boar,多多博彩
2024-01-27,2515,星池,特别奖,威尔斯,Wales,大馬彩
2023-12-09,2515,大馬彩,特别奖,汶莱元,Brunei Dollar,萬能
2023-12-09,2515,大馬彩,特别奖,野猪,Wild Boar,多多博彩
2023-12-09,2515,大馬彩,特别奖,威尔斯,Wales,大馬彩
2023-02-26,2515,萬能,安慰奖,汶莱元,Brunei Dollar,萬能
2023-02-26,2515,萬能,安慰奖,野猪,Wild Boar,多多博彩
2023-02-26,2515,萬能,安慰奖,威尔斯,Wales,大馬彩
2023-01-21,2515,星池,安慰奖,汶莱元,Brunei Dollar,萬能
2023-01-21,2515,星池,安慰奖,野猪,Wild Boar,多多博彩
2023-01-21,2515,星池,安慰奖,威尔斯,Wales,大馬彩
2022-12-14,2515,萬能,特别奖,汶莱元,Brunei Dollar,萬能
2022-12-14,2515,萬能,特别奖,野猪,Wild Boar,多多博彩
2022-12-14,2515,萬能,特别奖,威尔斯,Wales,大馬彩
2022-08-24,2515,多多,首奖,汶莱元,Brunei Dollar,萬能
2022-08-24,2515,多多,首奖,野猪,Wild Boar,多多博彩
2022-08-24,2515,多多,首奖,威尔斯,Wales,大馬彩
2021-08-01,2515,星池,首奖,汶莱元,Brunei Dollar,萬能
2021-08-01,2515,星池,首奖,野猪,Wild Boar,多多博彩
2021-08-01,2515,星池,首奖,威尔斯,Wales,大馬彩
2021-05-26,2515,萬能,特别奖,汶莱元,Brunei Dollar,萬能
2021-05-26,2515,萬能,特别奖,野猪,Wild Boar,多多博彩
2021-05-26,2515,萬能,特别奖,威尔斯,Wales,大馬彩
2019-12-22,2515,多多,二奖,汶莱元,Brunei Dollar,萬能
2019-12-22,2515,多多,二奖,野猪,Wild Boar,多多博彩
2019-12-22,2515,多多,二奖,威尔斯,Wales,大馬彩
2018-05-06,2515,星池,二奖,汶莱元,Brunei Dollar,萬能
2018-05-06,2515,星池,二奖,野猪,Wild Boar,多多博彩
2018-05-06,2515,星池,二奖,威尔斯,Wales,大馬彩
2017-12-20,2515,大馬彩,特别奖,汶莱元,Brunei Dollar,萬能
2017-12-20,2515,大馬彩,特别奖,野猪,Wild Boar,多多博彩
2017-12-20,2515,大馬彩,特别奖,威尔斯,Wales,大馬彩
2017-11-15,2515,多多,特别奖,汶莱元,Brunei Dollar,萬能
2017-11-15,2515,多多,特别奖,野猪,Wild Boar,多多博彩
2017-11-15,2515,多多,特别奖,威尔斯,Wales,大馬彩
2016-10-12,2515,多多,特别奖,汶莱元,Brunei Dollar,萬能
2016-10-12,2515,多多,特别奖,野猪,Wild Boar,多多博彩
2016-10-12,2515,多多,特别奖,威尔斯,Wales,大馬彩
2016-08-17,2515,大馬彩,安慰奖,汶莱元,Brunei Dollar,萬能
2016-08-17,2515,大馬彩,安慰奖,野猪,Wild Boar,多多博彩
2016-08-17,2515,大馬彩,安慰奖,威尔斯,Wales,大馬彩
2016-01-24,2515,星池,特别奖,汶莱元,Brunei Dollar,萬能
2016-01-24,2515,星池,特别奖,野猪,Wild Boar,多多博彩
2016-01-24,2515,星池,特别奖,威尔斯,Wales,大馬彩
2014-06-04,2515,多多,安慰奖,汶莱元,Brunei Dollar,萬能
2014-06-04,2515,多多,安慰奖,野猪,Wild Boar,多多博彩
2014-06-04,2515,多多,安慰奖,威尔斯,Wales,大馬彩
2014-02-15,2515,星池,安慰奖,汶莱元,Brunei Dollar,萬能
2014-02-15,2515,星池,安慰奖,野猪,Wild Boar,多多博彩
2014-02-15,2515,星池,安慰奖,威尔斯,Wales,大馬彩
2013-07-14,2515,萬能,安慰奖,汶莱元,Brunei Dollar,萬能
2013-07-14,2515,萬能,安慰奖,野猪,Wild Boar,多多博彩
2013-07-14,2515,萬能,安慰奖,威尔斯,Wales,大馬彩
2013-02-17,2515,星池,二奖,汶莱元,Brunei Dollar,萬能
2013-02-17,2515,星池,二奖,野猪,Wild Boar,多多博彩
2013-02-17,2515,星池,二奖,威尔斯,Wales,大馬彩
2012-03-21,2515,大馬彩,安慰奖,汶莱元,Brunei Dollar,萬能
2012-03-21,2515,大馬彩,安慰奖,野猪,Wild Boar,多多博彩
2012-03-21,2515,大馬彩,安慰奖,威尔斯,Wales,大馬彩
2011-07-09,2515,多多,特别奖,汶莱元,Brunei Dollar,萬能
2011-07-09,2515,多多,特别奖,野猪,Wild Boar,多多博彩
2011-07-09,2515,多多,特别奖,威尔斯,Wales,大馬彩
2011-01-09,2515,多多,安慰奖,汶莱元,Brunei Dollar,萬能
2011-01-09,2515,多多,安慰奖,野猪,Wild Boar,多多博彩
2011-01-09,2515,多多,安慰奖,威尔斯,Wales,大馬彩
2010-11-03,2515,星池,特别奖,汶莱元,Brunei Dollar,萬能
2010-11-03,2515,星池,特别奖,野猪,Wild Boar,多多博彩
2010-11-03,2515,星池,特别奖,威尔斯,Wales,大馬彩
2010-10-03,2515,星池,特别奖,汶莱元,Brunei Dollar,萬能
2010-10-03,2515,星池,特别奖,野猪,Wild Boar,多多博彩
2010-10-03,2515,星池,特别奖,威尔斯,Wales,大馬彩
2009-07-29,2515,萬能,安慰奖,汶莱元,Brunei Dollar,萬能
2009-07-29,2515,萬能,安慰奖,野猪,Wild Boar,多多博彩
2009-07-29,2515,萬能,安慰奖,威尔斯,Wales,大馬彩
2008-12-31,2515,星池,特别奖,汶莱元,Brunei Dollar,萬能
2008-12-31,2515,星池,特别奖,野猪,Wild Boar,多多博彩
2008-12-31,2515,星池,特别奖,威尔斯,Wales,大馬彩
2008-10-19,2515,大馬彩,特别奖,汶莱元,Brunei Dollar,萬能
2008-10-19,2515,大馬彩,特别奖,野猪,Wild Boar,多多博彩
2008-10-19,2515,大馬彩,特别奖,威尔斯,Wales,大馬彩
2008-10-12,2515,星池,特别奖,汶莱元,Brunei Dollar,萬能
2008-10-12,2515,星池,特别奖,野猪,Wild Boar,多多博彩
2008-10-12,2515,星池,特别奖,威尔斯,Wales,大馬彩
2007-03-18,2515,萬能,首奖,汶莱元,Brunei Dollar,萬能
2007-03-18,2515,萬能,首奖,野猪,Wild Boar,多多博彩
2007-03-18,2515,萬能,首奖,威尔斯,Wales,大馬彩
2006-08-23,2515,多多,特别奖,汶莱元,Brunei Dollar,萬能
2006-08-23,2515,多多,特别奖,野猪,Wild Boar,多多博彩
2006-08-23,2515,多多,特别奖,威尔斯,Wales,大馬彩
2006-01-11,2515,萬能,二奖,汶莱元,Brunei Dollar,萬能
2006-01-11,2515,萬能,二奖,野猪,Wild Boar,多多博彩
2006-01-11,2515,萬能,二奖,威尔斯,Wales,大馬彩
2005-03-06,2515,萬能,特别奖,汶莱元,Brunei Dollar,萬能
2005-03-06,2515,萬能,特别奖,野猪,Wild Boar,多多博彩
2005-03-06,2515,萬能,特别奖,威尔斯,Wales,大馬彩
2005-02-05,2515,多多,特别奖,汶莱元,Brunei Dollar,萬能
2005-02-05,2515,多多,特别奖,野猪,Wild Boar,多多博彩
2005-02-05,2515,多多,特别奖,威尔斯,Wales,大馬彩
2003-08-30,2515,大馬彩,特别奖,汶莱元,Brunei Dollar,萬能
2003-08-30,2515,大馬彩,特别奖,野猪,Wild Boar,多多博彩
2003-08-30,2515,大馬彩,特别奖,威尔斯,Wales,大馬彩
2003-05-18,2515,萬能,安慰奖,汶莱元,Brunei Dollar,萬能
2003-05-18,2515,萬能,安慰奖,野猪,Wild Boar,多多博彩
2003-05-18,2515,萬能,安慰奖,威尔斯,Wales,大馬彩
2002-12-18,2515,多多,安慰奖,汶莱元,Brunei Dollar,萬能
2002-12-18,2515,多多,安慰奖,野猪,Wild Boar,多多博彩
2002-12-18,2515,多多,安慰奖,威尔斯,Wales,大馬彩
2002-02-02,2515,多多,特别奖,汶莱元,Brunei Dollar,萬能
2002-02-02,2515,多多,特别奖,野猪,Wild Boar,多多博彩
2002-02-02,2515,多多,特别奖,威尔斯,Wales,大馬彩
2001-04-28,2515,多多,安慰奖,汶莱元,Brunei Dollar,萬能
2001-04-28,2515,多多,安慰奖,野猪,Wild Boar,多多博彩
2001-04-28,2515,多多,安慰奖,威尔斯,Wales,大馬彩
2000-11-26,2515,萬能,安慰奖,汶莱元,Brunei Dollar,萬能
2000-11-26,2515,萬能,安慰奖,野猪,Wild Boar,多多博彩
2000-11-26,2515,萬能,安慰奖,威尔斯,Wales,大馬彩
2000-02-19,2515,多多,特别奖,汶莱元,Brunei Dollar,萬能
2000-02-19,2515,多多,特别奖,野猪,Wild Boar,多多博彩
2000-02-19,2515,多多,特别奖,威尔斯,Wales,大馬彩
1996-07-31,2515,大馬彩,安慰奖,汶莱元,Brunei Dollar,萬能
1996-07-31,2515,大馬彩,安慰奖,野猪,Wild Boar,多多博彩
1996-07-31,2515,大馬彩,安慰奖,威尔斯,Wales,大馬彩
1995-04-16,2515,大馬彩,特别奖,汶莱元,Brunei Dollar,萬能
1995-04-16,2515,大馬彩,特别奖,野猪,Wild Boar,多多博彩
1995-04-16,2515,大馬彩,特别奖,威尔斯,Wales,大馬彩
1994-12-17,2515,大馬彩,特别奖,汶莱元,Brunei Dollar,萬能
1994-12-17,2515,大馬彩,特别奖,野猪,Wild Boar,多多博彩
1994-12-17,2515,大馬彩,特别奖,威尔斯,Wales,大馬彩
1993-03-27,2515,多多,特别奖,汶莱元,Brunei Dollar,萬能
1993-03-27,2515,多多,特别奖,野猪,Wild Boar,多多博彩
1993-03-27,2515,多多,特别奖,威尔斯,Wales,大馬彩
1992-12-16,2515,萬能,特别奖,汶莱元,Brunei Dollar,萬能
1992-12-16,2515,萬能,特别奖,野猪,Wild Boar,多多博彩
1992-12-16,2515,萬能,特别奖,威尔斯,Wales,大馬彩
1988-07-30,2515,多多,安慰奖,汶莱元,Brunei Dollar,萬能
1988-07-30,2515,多多,安慰奖,野猪,Wild Boar,多多博彩
1988-07-30,2515,多多,安慰奖,威尔斯,Wales,大馬彩
1987-08-13,2515,多多,特别奖,汶莱元,Brunei Dollar,萬能
1987-08-13,2515,多多,特别奖,野猪,Wild Boar,多多博彩
1987-08-13,2515,多多,特别奖,威尔斯,Wales,大馬彩
1986-10-05,2515,多多,特别奖,汶莱元,Brunei Dollar,萬能
1986-10-05,2515,多多,特别奖,野猪,Wild Boar,多多博彩
1986-10-05,2515,多多,特别奖,威尔斯,Wales,大馬彩
1985-11-21,2515,多多,安慰奖,汶莱元,Brunei Dollar,萬能
1985-11-21,2515,多多,安慰奖,野猪,Wild Boar,多多博彩
1985-11-21,2515,多多,安慰奖,威尔斯,Wales,大馬彩
1985-09-14,2515,多多,特别奖,汶莱元,Brunei Dollar,萬能
1985-09-14,2515,多多,特别奖,野猪,Wild Boar,多多博彩
1985-09-14,2515,多多,特别奖,威尔斯,Wales,大馬彩
