开彩日期,开彩日,彩号,秦庄,彩金,抽奖,史记秦本纪,史记楚辞,史记秦庄
2024-05-11,,0929,多多,特别奖,,喂婴儿吃药,Feeding Medicine To Baby,萬能
2024-05-11,,0929,多多,特别奖,,怪脚印,Strange Footprints,多多
2024-05-11,,0929,多多,特别奖,,怪脚印,Weird Footprint,大馬彩
2023-05-13,,0929,萬能,安慰奖,,喂婴儿吃药,Feeding Medicine To Baby,萬能
2023-05-13,,0929,萬能,安慰奖,,怪脚印,Strange Footprints,多多
2023-05-13,,0929,萬能,安慰奖,,怪脚印,Weird Footprint,大馬彩
2021-02-21,,0929,多多,特别奖,,喂婴儿吃药,Feeding Medicine To Baby,萬能
2021-02-21,,0929,多多,特别奖,,怪脚印,Strange Footprints,多多
2021-02-21,,0929,多多,特别奖,,怪脚印,Weird Footprint,大馬彩
2020-09-27,,0929,萬能,三奖,,喂婴儿吃药,Feeding Medicine To Baby,萬能
2020-09-27,,0929,萬能,三奖,,怪脚印,Strange Footprints,多多
2020-09-27,,0929,萬能,三奖,,怪脚印,Weird Footprint,大馬彩
2020-06-28,,0929,星池,特别奖,,喂婴儿吃药,Feeding Medicine To Baby,萬能
2020-06-28,,0929,星池,特别奖,,怪脚印,Strange Footprints,多多
2020-06-28,,0929,星池,特别奖,,怪脚印,Weird Footprint,大馬彩
2017-02-19,,0929,大馬彩,特别奖,,喂婴儿吃药,Feeding Medicine To Baby,萬能
2017-02-19,,0929,大馬彩,特别奖,,怪脚印,Strange Footprints,多多
2017-02-19,,0929,大馬彩,特别奖,,怪脚印,Weird Footprint,大馬彩
2016-01-24,,0929,星池,特别奖,,喂婴儿吃药,Feeding Medicine To Baby,萬能
2016-01-24,,0929,星池,特别奖,,怪脚印,Strange Footprints,多多
2016-01-24,,0929,星池,特别奖,,怪脚印,Weird Footprint,大馬彩
2015-12-16,,0929,星池,安慰奖,,喂婴儿吃药,Feeding Medicine To Baby,萬能
2015-12-16,,0929,星池,安慰奖,,怪脚印,Strange Footprints,多多
2015-12-16,,0929,星池,安慰奖,,怪脚印,Weird Footprint,大馬彩
2015-11-15,,0929,星池,特别奖,,喂婴儿吃药,Feeding Medicine To Baby,萬能
2015-11-15,,0929,星池,特别奖,,怪脚印,Strange Footprints,多多
2015-11-15,,0929,星池,特别奖,,怪脚印,Weird Footprint,大馬彩
2015-02-21,,0929,大馬彩,特别奖,,喂婴儿吃药,Feeding Medicine To Baby,萬能
2015-02-21,,0929,大馬彩,特别奖,,怪脚印,Strange Footprints,多多
2015-02-21,,0929,大馬彩,特别奖,,怪脚印,Weird Footprint,大馬彩
2014-12-21,,0929,多多,安慰奖,,喂婴儿吃药,Feeding Medicine To Baby,萬能
2014-12-21,,0929,多多,安慰奖,,怪脚印,Strange Footprints,多多
2014-12-21,,0929,多多,安慰奖,,怪脚印,Weird Footprint,大馬彩
2014-05-03,,0929,萬能,安慰奖,,喂婴儿吃药,Feeding Medicine To Baby,萬能
2014-05-03,,0929,萬能,安慰奖,,怪脚印,Strange Footprints,多多
2014-05-03,,0929,萬能,安慰奖,,怪脚印,Weird Footprint,大馬彩
2013-10-09,,0929,萬能,安慰奖,,喂婴儿吃药,Feeding Medicine To Baby,萬能
2013-10-09,,0929,萬能,安慰奖,,怪脚印,Strange Footprints,多多
2013-10-09,,0929,萬能,安慰奖,,怪脚印,Weird Footprint,大馬彩
2013-01-09,,0929,多多,安慰奖,,喂婴儿吃药,Feeding Medicine To Baby,萬能
2013-01-09,,0929,多多,安慰奖,,怪脚印,Strange Footprints,多多
2013-01-09,,0929,多多,安慰奖,,怪脚印,Weird Footprint,大馬彩
2012-07-21,,0929,星池,二奖,,喂婴儿吃药,Feeding Medicine To Baby,萬能
2012-07-21,,0929,星池,二奖,,怪脚印,Strange Footprints,多多
2012-07-21,,0929,星池,二奖,,怪脚印,Weird Footprint,大馬彩
2012-07-08,,0929,萬能,安慰奖,,喂婴儿吃药,Feeding Medicine To Baby,萬能
2012-07-08,,0929,萬能,安慰奖,,怪脚印,Strange Footprints,多多
2012-07-08,,0929,萬能,安慰奖,,怪脚印,Weird Footprint,大馬彩
2011-11-13,,0929,多多,三奖,,喂婴儿吃药,Feeding Medicine To Baby,萬能
2011-11-13,,0929,多多,三奖,,怪脚印,Strange Footprints,多多
2011-11-13,,0929,多多,三奖,,怪脚印,Weird Footprint,大馬彩
2011-06-01,,0929,萬能,安慰奖,,喂婴儿吃药,Feeding Medicine To Baby,萬能
2011-06-01,,0929,萬能,安慰奖,,怪脚印,Strange Footprints,多多
2011-06-01,,0929,萬能,安慰奖,,怪脚印,Weird Footprint,大馬彩
2011-05-25,,0929,萬能,安慰奖,,喂婴儿吃药,Feeding Medicine To Baby,萬能
2011-05-25,,0929,萬能,安慰奖,,怪脚印,Strange Footprints,多多
2011-05-25,,0929,萬能,安慰奖,,怪脚印,Weird Footprint,大馬彩
2011-04-26,,0929,多多,特别奖,,喂婴儿吃药,Feeding Medicine To Baby,萬能
2011-04-26,,0929,多多,特别奖,,怪脚印,Strange Footprints,多多
2011-04-26,,0929,多多,特别奖,,怪脚印,Weird Footprint,大馬彩
2010-02-23,,0929,大馬彩,二奖,,喂婴儿吃药,Feeding Medicine To Baby,萬能
2010-02-23,,0929,大馬彩,二奖,,怪脚印,Strange Footprints,多多
2010-02-23,,0929,大馬彩,二奖,,怪脚印,Weird Footprint,大馬彩
2009-12-13,,0929,多多,安慰奖,,喂婴儿吃药,Feeding Medicine To Baby,萬能
2009-12-13,,0929,多多,安慰奖,,怪脚印,Strange Footprints,多多
2009-12-13,,0929,多多,安慰奖,,怪脚印,Weird Footprint,大馬彩
2009-05-16,,0929,大馬彩,特别奖,,喂婴儿吃药,Feeding Medicine To Baby,萬能
2009-05-16,,0929,大馬彩,特别奖,,怪脚印,Strange Footprints,多多
2009-05-16,,0929,大馬彩,特别奖,,怪脚印,Weird Footprint,大馬彩
2007-04-29,,0929,多多,安慰奖,,喂婴儿吃药,Feeding Medicine To Baby,萬能
2007-04-29,,0929,多多,安慰奖,,怪脚印,Strange Footprints,多多
2007-04-29,,0929,多多,安慰奖,,怪脚印,Weird Footprint,大馬彩
2006-10-07,,0929,萬能,特别奖,,喂婴儿吃药,Feeding Medicine To Baby,萬能
2006-10-07,,0929,萬能,特别奖,,怪脚印,Strange Footprints,多多
2006-10-07,,0929,萬能,特别奖,,怪脚印,Weird Footprint,大馬彩
2005-10-23,,0929,大馬彩,安慰奖,,喂婴儿吃药,Feeding Medicine To Baby,萬能
2005-10-23,,0929,大馬彩,安慰奖,,怪脚印,Strange Footprints,多多
2005-10-23,,0929,大馬彩,安慰奖,,怪脚印,Weird Footprint,大馬彩
2003-09-02,,0929,多多,安慰奖,,喂婴儿吃药,Feeding Medicine To Baby,萬能
2003-09-02,,0929,多多,安慰奖,,怪脚印,Strange Footprints,多多
2003-09-02,,0929,多多,安慰奖,,怪脚印,Weird Footprint,大馬彩
1997-09-06,,0929,萬能,安慰奖,,喂婴儿吃药,Feeding Medicine To Baby,萬能
1997-09-06,,0929,萬能,安慰奖,,怪脚印,Strange Footprints,多多
1997-09-06,,0929,萬能,安慰奖,,怪脚印,Weird Footprint,大馬彩
1995-02-19,,0929,多多,安慰奖,,喂婴儿吃药,Feeding Medicine To Baby,萬能
1995-02-19,,0929,多多,安慰奖,,怪脚印,Strange Footprints,多多
1995-02-19,,0929,多多,安慰奖,,怪脚印,Weird Footprint,大馬彩
1991-03-28,,0929,萬能,安慰奖,,喂婴儿吃药,Feeding Medicine To Baby,萬能
1991-03-28,,0929,萬能,安慰奖,,怪脚印,Strange Footprints,多多
1991-03-28,,0929,萬能,安慰奖,,怪脚印,Weird Footprint,大馬彩
1986-11-22,,0929,萬能,特别奖,,喂婴儿吃药,Feeding Medicine To Baby,萬能
1986-11-22,,0929,萬能,特别奖,,怪脚印,Strange Footprints,多多
1986-11-22,,0929,萬能,特别奖,,怪脚印,Weird Footprint,大馬彩
