开彩日期,彩号,秦庄,彩金,史记秦本纪,史记楚辞,史记秦庄
2024-09-25,7403,多多,特别奖,咸鱼粥,Salted Fish Porridge,萬能
2024-09-25,7403,多多,特别奖,车床刀,Lathe Blade,多多博彩
2024-09-25,7403,多多,特别奖,便利贴,Post-it Note,大馬彩
2024-04-10,7403,星池,特别奖,咸鱼粥,Salted Fish Porridge,萬能
2024-04-10,7403,星池,特别奖,车床刀,Lathe Blade,多多博彩
2024-04-10,7403,星池,特别奖,便利贴,Post-it Note,大馬彩
2024-03-03,7403,大馬彩,特别奖,咸鱼粥,Salted Fish Porridge,萬能
2024-03-03,7403,大馬彩,特别奖,车床刀,Lathe Blade,多多博彩
2024-03-03,7403,大馬彩,特别奖,便利贴,Post-it Note,大馬彩
2023-12-26,7403,大馬彩,安慰奖,咸鱼粥,Salted Fish Porridge,萬能
2023-12-26,7403,大馬彩,安慰奖,车床刀,Lathe Blade,多多博彩
2023-12-26,7403,大馬彩,安慰奖,便利贴,Post-it Note,大馬彩
2023-06-14,7403,星池,二奖,咸鱼粥,Salted Fish Porridge,萬能
2023-06-14,7403,星池,二奖,车床刀,Lathe Blade,多多博彩
2023-06-14,7403,星池,二奖,便利贴,Post-it Note,大馬彩
2022-02-20,7403,萬能,特别奖,咸鱼粥,Salted Fish Porridge,萬能
2022-02-20,7403,萬能,特别奖,车床刀,Lathe Blade,多多博彩
2022-02-20,7403,萬能,特别奖,便利贴,Post-it Note,大馬彩
2021-12-26,7403,星池,安慰奖,咸鱼粥,Salted Fish Porridge,萬能
2021-12-26,7403,星池,安慰奖,车床刀,Lathe Blade,多多博彩
2021-12-26,7403,星池,安慰奖,便利贴,Post-it Note,大馬彩
2021-05-29,7403,萬能,安慰奖,咸鱼粥,Salted Fish Porridge,萬能
2021-05-29,7403,萬能,安慰奖,车床刀,Lathe Blade,多多博彩
2021-05-29,7403,萬能,安慰奖,便利贴,Post-it Note,大馬彩
2019-06-12,7403,萬能,安慰奖,咸鱼粥,Salted Fish Porridge,萬能
2019-06-12,7403,萬能,安慰奖,车床刀,Lathe Blade,多多博彩
2019-06-12,7403,萬能,安慰奖,便利贴,Post-it Note,大馬彩
2019-04-10,7403,萬能,二奖,咸鱼粥,Salted Fish Porridge,萬能
2019-04-10,7403,萬能,二奖,车床刀,Lathe Blade,多多博彩
2019-04-10,7403,萬能,二奖,便利贴,Post-it Note,大馬彩
2019-03-03,7403,多多,特别奖,咸鱼粥,Salted Fish Porridge,萬能
2019-03-03,7403,多多,特别奖,车床刀,Lathe Blade,多多博彩
2019-03-03,7403,多多,特别奖,便利贴,Post-it Note,大馬彩
2017-08-12,7403,星池,安慰奖,咸鱼粥,Salted Fish Porridge,萬能
2017-08-12,7403,星池,安慰奖,车床刀,Lathe Blade,多多博彩
2017-08-12,7403,星池,安慰奖,便利贴,Post-it Note,大馬彩
2015-10-31,7403,大馬彩,二奖,咸鱼粥,Salted Fish Porridge,萬能
2015-10-31,7403,大馬彩,二奖,车床刀,Lathe Blade,多多博彩
2015-10-31,7403,大馬彩,二奖,便利贴,Post-it Note,大馬彩
2015-08-26,7403,萬能,安慰奖,咸鱼粥,Salted Fish Porridge,萬能
2015-08-26,7403,萬能,安慰奖,车床刀,Lathe Blade,多多博彩
2015-08-26,7403,萬能,安慰奖,便利贴,Post-it Note,大馬彩
2015-08-05,7403,多多,特别奖,咸鱼粥,Salted Fish Porridge,萬能
2015-08-05,7403,多多,特别奖,车床刀,Lathe Blade,多多博彩
2015-08-05,7403,多多,特别奖,便利贴,Post-it Note,大馬彩
2013-08-25,7403,星池,安慰奖,咸鱼粥,Salted Fish Porridge,萬能
2013-08-25,7403,星池,安慰奖,车床刀,Lathe Blade,多多博彩
2013-08-25,7403,星池,安慰奖,便利贴,Post-it Note,大馬彩
2013-06-12,7403,星池,特别奖,咸鱼粥,Salted Fish Porridge,萬能
2013-06-12,7403,星池,特别奖,车床刀,Lathe Blade,多多博彩
2013-06-12,7403,星池,特别奖,便利贴,Post-it Note,大馬彩
2013-06-09,7403,萬能,特别奖,咸鱼粥,Salted Fish Porridge,萬能
2013-06-09,7403,萬能,特别奖,车床刀,Lathe Blade,多多博彩
2013-06-09,7403,萬能,特别奖,便利贴,Post-it Note,大馬彩
2012-07-17,7403,萬能,特别奖,咸鱼粥,Salted Fish Porridge,萬能
2012-07-17,7403,萬能,特别奖,车床刀,Lathe Blade,多多博彩
2012-07-17,7403,萬能,特别奖,便利贴,Post-it Note,大馬彩
2012-06-16,7403,大馬彩,首奖,咸鱼粥,Salted Fish Porridge,萬能
2012-06-16,7403,大馬彩,首奖,车床刀,Lathe Blade,多多博彩
2012-06-16,7403,大馬彩,首奖,便利贴,Post-it Note,大馬彩
2011-08-13,7403,萬能,安慰奖,咸鱼粥,Salted Fish Porridge,萬能
2011-08-13,7403,萬能,安慰奖,车床刀,Lathe Blade,多多博彩
2011-08-13,7403,萬能,安慰奖,便利贴,Post-it Note,大馬彩
2009-07-29,7403,多多,特别奖,咸鱼粥,Salted Fish Porridge,萬能
2009-07-29,7403,多多,特别奖,车床刀,Lathe Blade,多多博彩
2009-07-29,7403,多多,特别奖,便利贴,Post-it Note,大馬彩
2008-04-05,7403,多多,特别奖,咸鱼粥,Salted Fish Porridge,萬能
2008-04-05,7403,多多,特别奖,车床刀,Lathe Blade,多多博彩
2008-04-05,7403,多多,特别奖,便利贴,Post-it Note,大馬彩
2006-03-22,7403,多多,安慰奖,咸鱼粥,Salted Fish Porridge,萬能
2006-03-22,7403,多多,安慰奖,车床刀,Lathe Blade,多多博彩
2006-03-22,7403,多多,安慰奖,便利贴,Post-it Note,大馬彩
2005-05-03,7403,大馬彩,三奖,咸鱼粥,Salted Fish Porridge,萬能
2005-05-03,7403,大馬彩,三奖,车床刀,Lathe Blade,多多博彩
2005-05-03,7403,大馬彩,三奖,便利贴,Post-it Note,大馬彩
2004-09-28,7403,大馬彩,特别奖,咸鱼粥,Salted Fish Porridge,萬能
2004-09-28,7403,大馬彩,特别奖,车床刀,Lathe Blade,多多博彩
2004-09-28,7403,大馬彩,特别奖,便利贴,Post-it Note,大馬彩
2004-09-05,7403,萬能,安慰奖,咸鱼粥,Salted Fish Porridge,萬能
2004-09-05,7403,萬能,安慰奖,车床刀,Lathe Blade,多多博彩
2004-09-05,7403,萬能,安慰奖,便利贴,Post-it Note,大馬彩
2004-05-12,7403,大馬彩,安慰奖,咸鱼粥,Salted Fish Porridge,萬能
2004-05-12,7403,大馬彩,安慰奖,车床刀,Lathe Blade,多多博彩
2004-05-12,7403,大馬彩,安慰奖,便利贴,Post-it Note,大馬彩
2002-07-28,7403,大馬彩,安慰奖,咸鱼粥,Salted Fish Porridge,萬能
2002-07-28,7403,大馬彩,安慰奖,车床刀,Lathe Blade,多多博彩
2002-07-28,7403,大馬彩,安慰奖,便利贴,Post-it Note,大馬彩
2001-08-29,7403,萬能,首奖,咸鱼粥,Salted Fish Porridge,萬能
2001-08-29,7403,萬能,首奖,车床刀,Lathe Blade,多多博彩
2001-08-29,7403,萬能,首奖,便利贴,Post-it Note,大馬彩
2000-04-09,7403,萬能,特别奖,咸鱼粥,Salted Fish Porridge,萬能
2000-04-09,7403,萬能,特别奖,车床刀,Lathe Blade,多多博彩
2000-04-09,7403,萬能,特别奖,便利贴,Post-it Note,大馬彩
2000-03-26,7403,大馬彩,安慰奖,咸鱼粥,Salted Fish Porridge,萬能
2000-03-26,7403,大馬彩,安慰奖,车床刀,Lathe Blade,多多博彩
2000-03-26,7403,大馬彩,安慰奖,便利贴,Post-it Note,大馬彩
2000-02-02,7403,大馬彩,安慰奖,咸鱼粥,Salted Fish Porridge,萬能
2000-02-02,7403,大馬彩,安慰奖,车床刀,Lathe Blade,多多博彩
2000-02-02,7403,大馬彩,安慰奖,便利贴,Post-it Note,大馬彩
1999-09-08,7403,萬能,安慰奖,咸鱼粥,Salted Fish Porridge,萬能
1999-09-08,7403,萬能,安慰奖,车床刀,Lathe Blade,多多博彩
1999-09-08,7403,萬能,安慰奖,便利贴,Post-it Note,大馬彩
1997-05-18,7403,萬能,安慰奖,咸鱼粥,Salted Fish Porridge,萬能
1997-05-18,7403,萬能,安慰奖,车床刀,Lathe Blade,多多博彩
1997-05-18,7403,萬能,安慰奖,便利贴,Post-it Note,大馬彩
1997-03-12,7403,大馬彩,二奖,咸鱼粥,Salted Fish Porridge,萬能
1997-03-12,7403,大馬彩,二奖,车床刀,Lathe Blade,多多博彩
1997-03-12,7403,大馬彩,二奖,便利贴,Post-it Note,大馬彩
1996-11-16,7403,萬能,安慰奖,咸鱼粥,Salted Fish Porridge,萬能
1996-11-16,7403,萬能,安慰奖,车床刀,Lathe Blade,多多博彩
1996-11-16,7403,萬能,安慰奖,便利贴,Post-it Note,大馬彩
1996-10-16,7403,萬能,安慰奖,咸鱼粥,Salted Fish Porridge,萬能
1996-10-16,7403,萬能,安慰奖,车床刀,Lathe Blade,多多博彩
1996-10-16,7403,萬能,安慰奖,便利贴,Post-it Note,大馬彩
1993-12-23,7403,萬能,特别奖,咸鱼粥,Salted Fish Porridge,萬能
1993-12-23,7403,萬能,特别奖,车床刀,Lathe Blade,多多博彩
1993-12-23,7403,萬能,特别奖,便利贴,Post-it Note,大馬彩
1993-03-11,7403,萬能,三奖,咸鱼粥,Salted Fish Porridge,萬能
1993-03-11,7403,萬能,三奖,车床刀,Lathe Blade,多多博彩
1993-03-11,7403,萬能,三奖,便利贴,Post-it Note,大馬彩
1992-10-21,7403,大馬彩,特别奖,咸鱼粥,Salted Fish Porridge,萬能
1992-10-21,7403,大馬彩,特别奖,车床刀,Lathe Blade,多多博彩
1992-10-21,7403,大馬彩,特别奖,便利贴,Post-it Note,大馬彩
1992-07-11,7403,多多,特别奖,咸鱼粥,Salted Fish Porridge,萬能
1992-07-11,7403,多多,特别奖,车床刀,Lathe Blade,多多博彩
1992-07-11,7403,多多,特别奖,便利贴,Post-it Note,大馬彩
1991-08-03,7403,多多,安慰奖,咸鱼粥,Salted Fish Porridge,萬能
1991-08-03,7403,多多,安慰奖,车床刀,Lathe Blade,多多博彩
1991-08-03,7403,多多,安慰奖,便利贴,Post-it Note,大馬彩
1990-10-27,7403,多多,特别奖,咸鱼粥,Salted Fish Porridge,萬能
1990-10-27,7403,多多,特别奖,车床刀,Lathe Blade,多多博彩
1990-10-27,7403,多多,特别奖,便利贴,Post-it Note,大馬彩
1990-04-07,7403,多多,特别奖,咸鱼粥,Salted Fish Porridge,萬能
1990-04-07,7403,多多,特别奖,车床刀,Lathe Blade,多多博彩
1990-04-07,7403,多多,特别奖,便利贴,Post-it Note,大馬彩
1989-07-13,7403,多多,安慰奖,咸鱼粥,Salted Fish Porridge,萬能
1989-07-13,7403,多多,安慰奖,车床刀,Lathe Blade,多多博彩
1989-07-13,7403,多多,安慰奖,便利贴,Post-it Note,大馬彩
1988-11-03,7403,多多,安慰奖,咸鱼粥,Salted Fish Porridge,萬能
1988-11-03,7403,多多,安慰奖,车床刀,Lathe Blade,多多博彩
1988-11-03,7403,多多,安慰奖,便利贴,Post-it Note,大馬彩
1988-08-29,7403,多多,特别奖,咸鱼粥,Salted Fish Porridge,萬能
1988-08-29,7403,多多,特别奖,车床刀,Lathe Blade,多多博彩
1988-08-29,7403,多多,特别奖,便利贴,Post-it Note,大馬彩
