开彩日期,开彩日,彩号,秦庄,彩金,抽奖,史记秦本纪,史记楚辞,史记秦庄
2022-12-20,,3774,多多,安慰奖,,通心粉,Macaroni,萬能
2022-12-20,,3774,多多,安慰奖,,通心粉,Macaroni,多多
2022-12-20,,3774,多多,安慰奖,,通心粉,Macaroni,大馬彩
2022-05-29,,3774,星池,特别奖,,通心粉,Macaroni,萬能
2022-05-29,,3774,星池,特别奖,,通心粉,Macaroni,多多
2022-05-29,,3774,星池,特别奖,,通心粉,Macaroni,大馬彩
2022-03-20,,3774,萬能,安慰奖,,通心粉,Macaroni,萬能
2022-03-20,,3774,萬能,安慰奖,,通心粉,Macaroni,多多
2022-03-20,,3774,萬能,安慰奖,,通心粉,Macaroni,大馬彩
2021-09-18,,3774,星池,特别奖,,通心粉,Macaroni,萬能
2021-09-18,,3774,星池,特别奖,,通心粉,Macaroni,多多
2021-09-18,,3774,星池,特别奖,,通心粉,Macaroni,大馬彩
2021-03-30,,3774,萬能,特别奖,,通心粉,Macaroni,萬能
2021-03-30,,3774,萬能,特别奖,,通心粉,Macaroni,多多
2021-03-30,,3774,萬能,特别奖,,通心粉,Macaroni,大馬彩
2021-03-20,,3774,萬能,特别奖,,通心粉,Macaroni,萬能
2021-03-20,,3774,萬能,特别奖,,通心粉,Macaroni,多多
2021-03-20,,3774,萬能,特别奖,,通心粉,Macaroni,大馬彩
2021-01-30,,3774,萬能,安慰奖,,通心粉,Macaroni,萬能
2021-01-30,,3774,萬能,安慰奖,,通心粉,Macaroni,多多
2021-01-30,,3774,萬能,安慰奖,,通心粉,Macaroni,大馬彩
2019-11-17,,3774,萬能,特别奖,,通心粉,Macaroni,萬能
2019-11-17,,3774,萬能,特别奖,,通心粉,Macaroni,多多
2019-11-17,,3774,萬能,特别奖,,通心粉,Macaroni,大馬彩
2019-08-31,,3774,多多,安慰奖,,通心粉,Macaroni,萬能
2019-08-31,,3774,多多,安慰奖,,通心粉,Macaroni,多多
2019-08-31,,3774,多多,安慰奖,,通心粉,Macaroni,大馬彩
2019-07-27,,3774,星池,安慰奖,,通心粉,Macaroni,萬能
2019-07-27,,3774,星池,安慰奖,,通心粉,Macaroni,多多
2019-07-27,,3774,星池,安慰奖,,通心粉,Macaroni,大馬彩
2018-04-25,,3774,星池,特别奖,,通心粉,Macaroni,萬能
2018-04-25,,3774,星池,特别奖,,通心粉,Macaroni,多多
2018-04-25,,3774,星池,特别奖,,通心粉,Macaroni,大馬彩
2018-03-10,,3774,多多,安慰奖,,通心粉,Macaroni,萬能
2018-03-10,,3774,多多,安慰奖,,通心粉,Macaroni,多多
2018-03-10,,3774,多多,安慰奖,,通心粉,Macaroni,大馬彩
2018-02-07,,3774,萬能,三奖,,通心粉,Macaroni,萬能
2018-02-07,,3774,萬能,三奖,,通心粉,Macaroni,多多
2018-02-07,,3774,萬能,三奖,,通心粉,Macaroni,大馬彩
2017-07-19,,3774,星池,特别奖,,通心粉,Macaroni,萬能
2017-07-19,,3774,星池,特别奖,,通心粉,Macaroni,多多
2017-07-19,,3774,星池,特别奖,,通心粉,Macaroni,大馬彩
2016-03-01,,3774,多多,安慰奖,,通心粉,Macaroni,萬能
2016-03-01,,3774,多多,安慰奖,,通心粉,Macaroni,多多
2016-03-01,,3774,多多,安慰奖,,通心粉,Macaroni,大馬彩
2016-02-23,,3774,萬能,安慰奖,,通心粉,Macaroni,萬能
2016-02-23,,3774,萬能,安慰奖,,通心粉,Macaroni,多多
2016-02-23,,3774,萬能,安慰奖,,通心粉,Macaroni,大馬彩
2015-09-16,,3774,大馬彩,特别奖,,通心粉,Macaroni,萬能
2015-09-16,,3774,大馬彩,特别奖,,通心粉,Macaroni,多多
2015-09-16,,3774,大馬彩,特别奖,,通心粉,Macaroni,大馬彩
2014-12-06,,3774,多多,特别奖,,通心粉,Macaroni,萬能
2014-12-06,,3774,多多,特别奖,,通心粉,Macaroni,多多
2014-12-06,,3774,多多,特别奖,,通心粉,Macaroni,大馬彩
2014-02-05,,3774,星池,安慰奖,,通心粉,Macaroni,萬能
2014-02-05,,3774,星池,安慰奖,,通心粉,Macaroni,多多
2014-02-05,,3774,星池,安慰奖,,通心粉,Macaroni,大馬彩
2013-11-26,,3774,大馬彩,特别奖,,通心粉,Macaroni,萬能
2013-11-26,,3774,大馬彩,特别奖,,通心粉,Macaroni,多多
2013-11-26,,3774,大馬彩,特别奖,,通心粉,Macaroni,大馬彩
2013-08-11,,3774,萬能,安慰奖,,通心粉,Macaroni,萬能
2013-08-11,,3774,萬能,安慰奖,,通心粉,Macaroni,多多
2013-08-11,,3774,萬能,安慰奖,,通心粉,Macaroni,大馬彩
2013-02-20,,3774,星池,特别奖,,通心粉,Macaroni,萬能
2013-02-20,,3774,星池,特别奖,,通心粉,Macaroni,多多
2013-02-20,,3774,星池,特别奖,,通心粉,Macaroni,大馬彩
2012-03-17,,3774,星池,安慰奖,,通心粉,Macaroni,萬能
2012-03-17,,3774,星池,安慰奖,,通心粉,Macaroni,多多
2012-03-17,,3774,星池,安慰奖,,通心粉,Macaroni,大馬彩
2012-01-24,,3774,萬能,安慰奖,,通心粉,Macaroni,萬能
2012-01-24,,3774,萬能,安慰奖,,通心粉,Macaroni,多多
2012-01-24,,3774,萬能,安慰奖,,通心粉,Macaroni,大馬彩
2011-11-20,,3774,星池,特别奖,,通心粉,Macaroni,萬能
2011-11-20,,3774,星池,特别奖,,通心粉,Macaroni,多多
2011-11-20,,3774,星池,特别奖,,通心粉,Macaroni,大馬彩
2011-05-18,,3774,大馬彩,特别奖,,通心粉,Macaroni,萬能
2011-05-18,,3774,大馬彩,特别奖,,通心粉,Macaroni,多多
2011-05-18,,3774,大馬彩,特别奖,,通心粉,Macaroni,大馬彩
2011-02-13,,3774,萬能,安慰奖,,通心粉,Macaroni,萬能
2011-02-13,,3774,萬能,安慰奖,,通心粉,Macaroni,多多
2011-02-13,,3774,萬能,安慰奖,,通心粉,Macaroni,大馬彩
2010-09-15,,3774,多多,特别奖,,通心粉,Macaroni,萬能
2010-09-15,,3774,多多,特别奖,,通心粉,Macaroni,多多
2010-09-15,,3774,多多,特别奖,,通心粉,Macaroni,大馬彩
2010-08-18,,3774,星池,二奖,,通心粉,Macaroni,萬能
2010-08-18,,3774,星池,二奖,,通心粉,Macaroni,多多
2010-08-18,,3774,星池,二奖,,通心粉,Macaroni,大馬彩
2010-04-03,,3774,多多,特别奖,,通心粉,Macaroni,萬能
2010-04-03,,3774,多多,特别奖,,通心粉,Macaroni,多多
2010-04-03,,3774,多多,特别奖,,通心粉,Macaroni,大馬彩
2010-03-06,,3774,大馬彩,特别奖,,通心粉,Macaroni,萬能
2010-03-06,,3774,大馬彩,特别奖,,通心粉,Macaroni,多多
2010-03-06,,3774,大馬彩,特别奖,,通心粉,Macaroni,大馬彩
2009-10-17,,3774,萬能,特别奖,,通心粉,Macaroni,萬能
2009-10-17,,3774,萬能,特别奖,,通心粉,Macaroni,多多
2009-10-17,,3774,萬能,特别奖,,通心粉,Macaroni,大馬彩
2007-09-15,,3774,萬能,安慰奖,,通心粉,Macaroni,萬能
2007-09-15,,3774,萬能,安慰奖,,通心粉,Macaroni,多多
2007-09-15,,3774,萬能,安慰奖,,通心粉,Macaroni,大馬彩
2007-09-12,,3774,多多,二奖,,通心粉,Macaroni,萬能
2007-09-12,,3774,多多,二奖,,通心粉,Macaroni,多多
2007-09-12,,3774,多多,二奖,,通心粉,Macaroni,大馬彩
2007-07-07,,3774,多多,安慰奖,,通心粉,Macaroni,萬能
2007-07-07,,3774,多多,安慰奖,,通心粉,Macaroni,多多
2007-07-07,,3774,多多,安慰奖,,通心粉,Macaroni,大馬彩
2006-09-03,,3774,多多,特别奖,,通心粉,Macaroni,萬能
2006-09-03,,3774,多多,特别奖,,通心粉,Macaroni,多多
2006-09-03,,3774,多多,特别奖,,通心粉,Macaroni,大馬彩
2005-12-31,,3774,大馬彩,特别奖,,通心粉,Macaroni,萬能
2005-12-31,,3774,大馬彩,特别奖,,通心粉,Macaroni,多多
2005-12-31,,3774,大馬彩,特别奖,,通心粉,Macaroni,大馬彩
2005-11-26,,3774,多多,安慰奖,,通心粉,Macaroni,萬能
2005-11-26,,3774,多多,安慰奖,,通心粉,Macaroni,多多
2005-11-26,,3774,多多,安慰奖,,通心粉,Macaroni,大馬彩
2005-11-13,,3774,萬能,安慰奖,,通心粉,Macaroni,萬能
2005-11-13,,3774,萬能,安慰奖,,通心粉,Macaroni,多多
2005-11-13,,3774,萬能,安慰奖,,通心粉,Macaroni,大馬彩
2005-06-12,,3774,萬能,安慰奖,,通心粉,Macaroni,萬能
2005-06-12,,3774,萬能,安慰奖,,通心粉,Macaroni,多多
2005-06-12,,3774,萬能,安慰奖,,通心粉,Macaroni,大馬彩
2005-03-26,,3774,多多,特别奖,,通心粉,Macaroni,萬能
2005-03-26,,3774,多多,特别奖,,通心粉,Macaroni,多多
2005-03-26,,3774,多多,特别奖,,通心粉,Macaroni,大馬彩
2004-02-25,,3774,萬能,特别奖,,通心粉,Macaroni,萬能
2004-02-25,,3774,萬能,特别奖,,通心粉,Macaroni,多多
2004-02-25,,3774,萬能,特别奖,,通心粉,Macaroni,大馬彩
2003-02-15,,3774,多多,特别奖,,通心粉,Macaroni,萬能
2003-02-15,,3774,多多,特别奖,,通心粉,Macaroni,多多
2003-02-15,,3774,多多,特别奖,,通心粉,Macaroni,大馬彩
2002-06-12,,3774,大馬彩,特别奖,,通心粉,Macaroni,萬能
2002-06-12,,3774,大馬彩,特别奖,,通心粉,Macaroni,多多
2002-06-12,,3774,大馬彩,特别奖,,通心粉,Macaroni,大馬彩
2002-01-06,,3774,萬能,特别奖,,通心粉,Macaroni,萬能
2002-01-06,,3774,萬能,特别奖,,通心粉,Macaroni,多多
2002-01-06,,3774,萬能,特别奖,,通心粉,Macaroni,大馬彩
2000-09-06,,3774,大馬彩,安慰奖,,通心粉,Macaroni,萬能
2000-09-06,,3774,大馬彩,安慰奖,,通心粉,Macaroni,多多
2000-09-06,,3774,大馬彩,安慰奖,,通心粉,Macaroni,大馬彩
2000-07-23,,3774,萬能,特别奖,,通心粉,Macaroni,萬能
2000-07-23,,3774,萬能,特别奖,,通心粉,Macaroni,多多
2000-07-23,,3774,萬能,特别奖,,通心粉,Macaroni,大馬彩
2000-07-08,,3774,多多,安慰奖,,通心粉,Macaroni,萬能
2000-07-08,,3774,多多,安慰奖,,通心粉,Macaroni,多多
2000-07-08,,3774,多多,安慰奖,,通心粉,Macaroni,大馬彩
2000-03-04,,3774,大馬彩,特别奖,,通心粉,Macaroni,萬能
2000-03-04,,3774,大馬彩,特别奖,,通心粉,Macaroni,多多
2000-03-04,,3774,大馬彩,特别奖,,通心粉,Macaroni,大馬彩
2000-02-09,,3774,大馬彩,安慰奖,,通心粉,Macaroni,萬能
2000-02-09,,3774,大馬彩,安慰奖,,通心粉,Macaroni,多多
2000-02-09,,3774,大馬彩,安慰奖,,通心粉,Macaroni,大馬彩
1999-12-22,,3774,大馬彩,特别奖,,通心粉,Macaroni,萬能
1999-12-22,,3774,大馬彩,特别奖,,通心粉,Macaroni,多多
1999-12-22,,3774,大馬彩,特别奖,,通心粉,Macaroni,大馬彩
1999-09-19,,3774,萬能,安慰奖,,通心粉,Macaroni,萬能
1999-09-19,,3774,萬能,安慰奖,,通心粉,Macaroni,多多
1999-09-19,,3774,萬能,安慰奖,,通心粉,Macaroni,大馬彩
1998-10-10,,3774,多多,特别奖,,通心粉,Macaroni,萬能
1998-10-10,,3774,多多,特别奖,,通心粉,Macaroni,多多
1998-10-10,,3774,多多,特别奖,,通心粉,Macaroni,大馬彩
1998-07-05,,3774,萬能,安慰奖,,通心粉,Macaroni,萬能
1998-07-05,,3774,萬能,安慰奖,,通心粉,Macaroni,多多
1998-07-05,,3774,萬能,安慰奖,,通心粉,Macaroni,大馬彩
1996-12-21,,3774,多多,特别奖,,通心粉,Macaroni,萬能
1996-12-21,,3774,多多,特别奖,,通心粉,Macaroni,多多
1996-12-21,,3774,多多,特别奖,,通心粉,Macaroni,大馬彩
1996-11-02,,3774,大馬彩,安慰奖,,通心粉,Macaroni,萬能
1996-11-02,,3774,大馬彩,安慰奖,,通心粉,Macaroni,多多
1996-11-02,,3774,大馬彩,安慰奖,,通心粉,Macaroni,大馬彩
1995-09-02,,3774,多多,安慰奖,,通心粉,Macaroni,萬能
1995-09-02,,3774,多多,安慰奖,,通心粉,Macaroni,多多
1995-09-02,,3774,多多,安慰奖,,通心粉,Macaroni,大馬彩
1995-02-18,,3774,多多,二奖,,通心粉,Macaroni,萬能
1995-02-18,,3774,多多,二奖,,通心粉,Macaroni,多多
1995-02-18,,3774,多多,二奖,,通心粉,Macaroni,大馬彩
1995-01-28,,3774,萬能,安慰奖,,通心粉,Macaroni,萬能
1995-01-28,,3774,萬能,安慰奖,,通心粉,Macaroni,多多
1995-01-28,,3774,萬能,安慰奖,,通心粉,Macaroni,大馬彩
1993-01-03,,3774,大馬彩,特别奖,,通心粉,Macaroni,萬能
1993-01-03,,3774,大馬彩,特别奖,,通心粉,Macaroni,多多
1993-01-03,,3774,大馬彩,特别奖,,通心粉,Macaroni,大馬彩
1989-02-18,,3774,萬能,安慰奖,,通心粉,Macaroni,萬能
1989-02-18,,3774,萬能,安慰奖,,通心粉,Macaroni,多多
1989-02-18,,3774,萬能,安慰奖,,通心粉,Macaroni,大馬彩
1988-03-14,,3774,萬能,安慰奖,,通心粉,Macaroni,萬能
1988-03-14,,3774,萬能,安慰奖,,通心粉,Macaroni,多多
1988-03-14,,3774,萬能,安慰奖,,通心粉,Macaroni,大馬彩
1988-01-28,,3774,萬能,三奖,,通心粉,Macaroni,萬能
1988-01-28,,3774,萬能,三奖,,通心粉,Macaroni,多多
1988-01-28,,3774,萬能,三奖,,通心粉,Macaroni,大馬彩
1987-02-19,,3774,萬能,安慰奖,,通心粉,Macaroni,萬能
1987-02-19,,3774,萬能,安慰奖,,通心粉,Macaroni,多多
1987-02-19,,3774,萬能,安慰奖,,通心粉,Macaroni,大馬彩
