开彩日期,开彩日,彩号,秦庄,彩金,抽奖,史记秦本纪,史记楚辞,史记秦庄
2023-11-12,,1336,萬能,特别奖,,鞘,Scabbard,萬能
2023-11-12,,1336,萬能,特别奖,,箭鞘,Arrow Sheath,多多
2023-11-12,,1336,萬能,特别奖,,箭鞘,Sword Scabbard,大馬彩
2023-09-24,,1336,大馬彩,特别奖,,鞘,Scabbard,萬能
2023-09-24,,1336,大馬彩,特别奖,,箭鞘,Arrow Sheath,多多
2023-09-24,,1336,大馬彩,特别奖,,箭鞘,Sword Scabbard,大馬彩
2023-08-23,,1336,大馬彩,安慰奖,,鞘,Scabbard,萬能
2023-08-23,,1336,大馬彩,安慰奖,,箭鞘,Arrow Sheath,多多
2023-08-23,,1336,大馬彩,安慰奖,,箭鞘,Sword Scabbard,大馬彩
2023-02-18,,1336,大馬彩,首奖,,鞘,Scabbard,萬能
2023-02-18,,1336,大馬彩,首奖,,箭鞘,Arrow Sheath,多多
2023-02-18,,1336,大馬彩,首奖,,箭鞘,Sword Scabbard,大馬彩
2022-06-25,,1336,萬能,特别奖,,鞘,Scabbard,萬能
2022-06-25,,1336,萬能,特别奖,,箭鞘,Arrow Sheath,多多
2022-06-25,,1336,萬能,特别奖,,箭鞘,Sword Scabbard,大馬彩
2019-12-04,,1336,萬能,安慰奖,,鞘,Scabbard,萬能
2019-12-04,,1336,萬能,安慰奖,,箭鞘,Arrow Sheath,多多
2019-12-04,,1336,萬能,安慰奖,,箭鞘,Sword Scabbard,大馬彩
2018-06-23,,1336,星池,特别奖,,鞘,Scabbard,萬能
2018-06-23,,1336,星池,特别奖,,箭鞘,Arrow Sheath,多多
2018-06-23,,1336,星池,特别奖,,箭鞘,Sword Scabbard,大馬彩
2018-06-03,,1336,星池,安慰奖,,鞘,Scabbard,萬能
2018-06-03,,1336,星池,安慰奖,,箭鞘,Arrow Sheath,多多
2018-06-03,,1336,星池,安慰奖,,箭鞘,Sword Scabbard,大馬彩
2017-10-03,,1336,大馬彩,安慰奖,,鞘,Scabbard,萬能
2017-10-03,,1336,大馬彩,安慰奖,,箭鞘,Arrow Sheath,多多
2017-10-03,,1336,大馬彩,安慰奖,,箭鞘,Sword Scabbard,大馬彩
2015-09-16,,1336,大馬彩,特别奖,,鞘,Scabbard,萬能
2015-09-16,,1336,大馬彩,特别奖,,箭鞘,Arrow Sheath,多多
2015-09-16,,1336,大馬彩,特别奖,,箭鞘,Sword Scabbard,大馬彩
2015-06-28,,1336,大馬彩,特别奖,,鞘,Scabbard,萬能
2015-06-28,,1336,大馬彩,特别奖,,箭鞘,Arrow Sheath,多多
2015-06-28,,1336,大馬彩,特别奖,,箭鞘,Sword Scabbard,大馬彩
2015-05-30,,1336,大馬彩,特别奖,,鞘,Scabbard,萬能
2015-05-30,,1336,大馬彩,特别奖,,箭鞘,Arrow Sheath,多多
2015-05-30,,1336,大馬彩,特别奖,,箭鞘,Sword Scabbard,大馬彩
2014-03-02,,1336,萬能,安慰奖,,鞘,Scabbard,萬能
2014-03-02,,1336,萬能,安慰奖,,箭鞘,Arrow Sheath,多多
2014-03-02,,1336,萬能,安慰奖,,箭鞘,Sword Scabbard,大馬彩
2013-07-13,,1336,多多,特别奖,,鞘,Scabbard,萬能
2013-07-13,,1336,多多,特别奖,,箭鞘,Arrow Sheath,多多
2013-07-13,,1336,多多,特别奖,,箭鞘,Sword Scabbard,大馬彩
2013-01-12,,1336,多多,三奖,,鞘,Scabbard,萬能
2013-01-12,,1336,多多,三奖,,箭鞘,Arrow Sheath,多多
2013-01-12,,1336,多多,三奖,,箭鞘,Sword Scabbard,大馬彩
2012-12-19,,1336,大馬彩,特别奖,,鞘,Scabbard,萬能
2012-12-19,,1336,大馬彩,特别奖,,箭鞘,Arrow Sheath,多多
2012-12-19,,1336,大馬彩,特别奖,,箭鞘,Sword Scabbard,大馬彩
2012-07-15,,1336,多多,安慰奖,,鞘,Scabbard,萬能
2012-07-15,,1336,多多,安慰奖,,箭鞘,Arrow Sheath,多多
2012-07-15,,1336,多多,安慰奖,,箭鞘,Sword Scabbard,大馬彩
2011-10-19,,1336,多多,特别奖,,鞘,Scabbard,萬能
2011-10-19,,1336,多多,特别奖,,箭鞘,Arrow Sheath,多多
2011-10-19,,1336,多多,特别奖,,箭鞘,Sword Scabbard,大馬彩
2010-08-04,,1336,星池,特别奖,,鞘,Scabbard,萬能
2010-08-04,,1336,星池,特别奖,,箭鞘,Arrow Sheath,多多
2010-08-04,,1336,星池,特别奖,,箭鞘,Sword Scabbard,大馬彩
2009-10-10,,1336,萬能,特别奖,,鞘,Scabbard,萬能
2009-10-10,,1336,萬能,特别奖,,箭鞘,Arrow Sheath,多多
2009-10-10,,1336,萬能,特别奖,,箭鞘,Sword Scabbard,大馬彩
2009-10-10,,1336,多多,特别奖,,鞘,Scabbard,萬能
2009-10-10,,1336,多多,特别奖,,箭鞘,Arrow Sheath,多多
2009-10-10,,1336,多多,特别奖,,箭鞘,Sword Scabbard,大馬彩
2008-12-14,,1336,大馬彩,特别奖,,鞘,Scabbard,萬能
2008-12-14,,1336,大馬彩,特别奖,,箭鞘,Arrow Sheath,多多
2008-12-14,,1336,大馬彩,特别奖,,箭鞘,Sword Scabbard,大馬彩
2008-04-27,,1336,萬能,特别奖,,鞘,Scabbard,萬能
2008-04-27,,1336,萬能,特别奖,,箭鞘,Arrow Sheath,多多
2008-04-27,,1336,萬能,特别奖,,箭鞘,Sword Scabbard,大馬彩
2005-11-06,,1336,多多,特别奖,,鞘,Scabbard,萬能
2005-11-06,,1336,多多,特别奖,,箭鞘,Arrow Sheath,多多
2005-11-06,,1336,多多,特别奖,,箭鞘,Sword Scabbard,大馬彩
2005-05-07,,1336,萬能,安慰奖,,鞘,Scabbard,萬能
2005-05-07,,1336,萬能,安慰奖,,箭鞘,Arrow Sheath,多多
2005-05-07,,1336,萬能,安慰奖,,箭鞘,Sword Scabbard,大馬彩
2005-02-13,,1336,萬能,安慰奖,,鞘,Scabbard,萬能
2005-02-13,,1336,萬能,安慰奖,,箭鞘,Arrow Sheath,多多
2005-02-13,,1336,萬能,安慰奖,,箭鞘,Sword Scabbard,大馬彩
2004-03-17,,1336,大馬彩,三奖,,鞘,Scabbard,萬能
2004-03-17,,1336,大馬彩,三奖,,箭鞘,Arrow Sheath,多多
2004-03-17,,1336,大馬彩,三奖,,箭鞘,Sword Scabbard,大馬彩
2002-12-17,,1336,大馬彩,安慰奖,,鞘,Scabbard,萬能
2002-12-17,,1336,大馬彩,安慰奖,,箭鞘,Arrow Sheath,多多
2002-12-17,,1336,大馬彩,安慰奖,,箭鞘,Sword Scabbard,大馬彩
2002-10-27,,1336,多多,特别奖,,鞘,Scabbard,萬能
2002-10-27,,1336,多多,特别奖,,箭鞘,Arrow Sheath,多多
2002-10-27,,1336,多多,特别奖,,箭鞘,Sword Scabbard,大馬彩
2002-03-13,,1336,萬能,安慰奖,,鞘,Scabbard,萬能
2002-03-13,,1336,萬能,安慰奖,,箭鞘,Arrow Sheath,多多
2002-03-13,,1336,萬能,安慰奖,,箭鞘,Sword Scabbard,大馬彩
2000-08-20,,1336,大馬彩,安慰奖,,鞘,Scabbard,萬能
2000-08-20,,1336,大馬彩,安慰奖,,箭鞘,Arrow Sheath,多多
2000-08-20,,1336,大馬彩,安慰奖,,箭鞘,Sword Scabbard,大馬彩
1999-07-31,,1336,大馬彩,首奖,,鞘,Scabbard,萬能
1999-07-31,,1336,大馬彩,首奖,,箭鞘,Arrow Sheath,多多
1999-07-31,,1336,大馬彩,首奖,,箭鞘,Sword Scabbard,大馬彩
1997-09-28,,1336,萬能,特别奖,,鞘,Scabbard,萬能
1997-09-28,,1336,萬能,特别奖,,箭鞘,Arrow Sheath,多多
1997-09-28,,1336,萬能,特别奖,,箭鞘,Sword Scabbard,大馬彩
1997-02-08,,1336,萬能,安慰奖,,鞘,Scabbard,萬能
1997-02-08,,1336,萬能,安慰奖,,箭鞘,Arrow Sheath,多多
1997-02-08,,1336,萬能,安慰奖,,箭鞘,Sword Scabbard,大馬彩
1995-09-03,,1336,大馬彩,特别奖,,鞘,Scabbard,萬能
1995-09-03,,1336,大馬彩,特别奖,,箭鞘,Arrow Sheath,多多
1995-09-03,,1336,大馬彩,特别奖,,箭鞘,Sword Scabbard,大馬彩
1994-08-31,,1336,多多,特别奖,,鞘,Scabbard,萬能
1994-08-31,,1336,多多,特别奖,,箭鞘,Arrow Sheath,多多
1994-08-31,,1336,多多,特别奖,,箭鞘,Sword Scabbard,大馬彩
1986-10-16,,1336,萬能,二奖,,鞘,Scabbard,萬能
1986-10-16,,1336,萬能,二奖,,箭鞘,Arrow Sheath,多多
1986-10-16,,1336,萬能,二奖,,箭鞘,Sword Scabbard,大馬彩
