开彩日期,开彩日,彩号,秦庄,彩金,抽奖,史记秦本纪,史记楚辞,史记秦庄
2024-08-14,,6379,萬能,特别奖,,大减价广告,Cheap Sale Advertisement,萬能
2024-08-14,,6379,萬能,特别奖,,廉,Incorrupt,多多
2024-08-14,,6379,萬能,特别奖,,廉,Decent,大馬彩
2023-06-14,,6379,萬能,特别奖,,大减价广告,Cheap Sale Advertisement,萬能
2023-06-14,,6379,萬能,特别奖,,廉,Incorrupt,多多
2023-06-14,,6379,萬能,特别奖,,廉,Decent,大馬彩
2022-09-14,,6379,星池,特别奖,,大减价广告,Cheap Sale Advertisement,萬能
2022-09-14,,6379,星池,特别奖,,廉,Incorrupt,多多
2022-09-14,,6379,星池,特别奖,,廉,Decent,大馬彩
2021-11-07,,6379,星池,安慰奖,,大减价广告,Cheap Sale Advertisement,萬能
2021-11-07,,6379,星池,安慰奖,,廉,Incorrupt,多多
2021-11-07,,6379,星池,安慰奖,,廉,Decent,大馬彩
2021-02-17,,6379,萬能,安慰奖,,大减价广告,Cheap Sale Advertisement,萬能
2021-02-17,,6379,萬能,安慰奖,,廉,Incorrupt,多多
2021-02-17,,6379,萬能,安慰奖,,廉,Decent,大馬彩
2019-07-14,,6379,大馬彩,特别奖,,大减价广告,Cheap Sale Advertisement,萬能
2019-07-14,,6379,大馬彩,特别奖,,廉,Incorrupt,多多
2019-07-14,,6379,大馬彩,特别奖,,廉,Decent,大馬彩
2019-06-26,,6379,星池,特别奖,,大减价广告,Cheap Sale Advertisement,萬能
2019-06-26,,6379,星池,特别奖,,廉,Incorrupt,多多
2019-06-26,,6379,星池,特别奖,,廉,Decent,大馬彩
2019-04-24,,6379,大馬彩,安慰奖,,大减价广告,Cheap Sale Advertisement,萬能
2019-04-24,,6379,大馬彩,安慰奖,,廉,Incorrupt,多多
2019-04-24,,6379,大馬彩,安慰奖,,廉,Decent,大馬彩
2019-02-27,,6379,大馬彩,特别奖,,大减价广告,Cheap Sale Advertisement,萬能
2019-02-27,,6379,大馬彩,特别奖,,廉,Incorrupt,多多
2019-02-27,,6379,大馬彩,特别奖,,廉,Decent,大馬彩
2017-12-31,,6379,大馬彩,二奖,,大减价广告,Cheap Sale Advertisement,萬能
2017-12-31,,6379,大馬彩,二奖,,廉,Incorrupt,多多
2017-12-31,,6379,大馬彩,二奖,,廉,Decent,大馬彩
2017-06-04,,6379,星池,特别奖,,大减价广告,Cheap Sale Advertisement,萬能
2017-06-04,,6379,星池,特别奖,,廉,Incorrupt,多多
2017-06-04,,6379,星池,特别奖,,廉,Decent,大馬彩
2016-10-09,,6379,多多,特别奖,,大减价广告,Cheap Sale Advertisement,萬能
2016-10-09,,6379,多多,特别奖,,廉,Incorrupt,多多
2016-10-09,,6379,多多,特别奖,,廉,Decent,大馬彩
2015-07-28,,6379,多多,特别奖,,大减价广告,Cheap Sale Advertisement,萬能
2015-07-28,,6379,多多,特别奖,,廉,Incorrupt,多多
2015-07-28,,6379,多多,特别奖,,廉,Decent,大馬彩
2015-03-18,,6379,大馬彩,安慰奖,,大减价广告,Cheap Sale Advertisement,萬能
2015-03-18,,6379,大馬彩,安慰奖,,廉,Incorrupt,多多
2015-03-18,,6379,大馬彩,安慰奖,,廉,Decent,大馬彩
2014-05-21,,6379,多多,安慰奖,,大减价广告,Cheap Sale Advertisement,萬能
2014-05-21,,6379,多多,安慰奖,,廉,Incorrupt,多多
2014-05-21,,6379,多多,安慰奖,,廉,Decent,大馬彩
2013-12-14,,6379,多多,安慰奖,,大减价广告,Cheap Sale Advertisement,萬能
2013-12-14,,6379,多多,安慰奖,,廉,Incorrupt,多多
2013-12-14,,6379,多多,安慰奖,,廉,Decent,大馬彩
2013-01-08,,6379,萬能,安慰奖,,大减价广告,Cheap Sale Advertisement,萬能
2013-01-08,,6379,萬能,安慰奖,,廉,Incorrupt,多多
2013-01-08,,6379,萬能,安慰奖,,廉,Decent,大馬彩
2012-11-17,,6379,多多,特别奖,,大减价广告,Cheap Sale Advertisement,萬能
2012-11-17,,6379,多多,特别奖,,廉,Incorrupt,多多
2012-11-17,,6379,多多,特别奖,,廉,Decent,大馬彩
2012-06-20,,6379,星池,特别奖,,大减价广告,Cheap Sale Advertisement,萬能
2012-06-20,,6379,星池,特别奖,,廉,Incorrupt,多多
2012-06-20,,6379,星池,特别奖,,廉,Decent,大馬彩
2012-02-22,,6379,萬能,首奖,,大减价广告,Cheap Sale Advertisement,萬能
2012-02-22,,6379,萬能,首奖,,廉,Incorrupt,多多
2012-02-22,,6379,萬能,首奖,,廉,Decent,大馬彩
2011-05-29,,6379,萬能,安慰奖,,大减价广告,Cheap Sale Advertisement,萬能
2011-05-29,,6379,萬能,安慰奖,,廉,Incorrupt,多多
2011-05-29,,6379,萬能,安慰奖,,廉,Decent,大馬彩
2011-04-05,,6379,大馬彩,特别奖,,大减价广告,Cheap Sale Advertisement,萬能
2011-04-05,,6379,大馬彩,特别奖,,廉,Incorrupt,多多
2011-04-05,,6379,大馬彩,特别奖,,廉,Decent,大馬彩
2011-02-08,,6379,大馬彩,首奖,,大减价广告,Cheap Sale Advertisement,萬能
2011-02-08,,6379,大馬彩,首奖,,廉,Incorrupt,多多
2011-02-08,,6379,大馬彩,首奖,,廉,Decent,大馬彩
2010-12-19,,6379,多多,特别奖,,大减价广告,Cheap Sale Advertisement,萬能
2010-12-19,,6379,多多,特别奖,,廉,Incorrupt,多多
2010-12-19,,6379,多多,特别奖,,廉,Decent,大馬彩
2010-12-15,,6379,星池,安慰奖,,大减价广告,Cheap Sale Advertisement,萬能
2010-12-15,,6379,星池,安慰奖,,廉,Incorrupt,多多
2010-12-15,,6379,星池,安慰奖,,廉,Decent,大馬彩
2009-10-27,,6379,萬能,特别奖,,大减价广告,Cheap Sale Advertisement,萬能
2009-10-27,,6379,萬能,特别奖,,廉,Incorrupt,多多
2009-10-27,,6379,萬能,特别奖,,廉,Decent,大馬彩
2009-09-15,,6379,大馬彩,特别奖,,大减价广告,Cheap Sale Advertisement,萬能
2009-09-15,,6379,大馬彩,特别奖,,廉,Incorrupt,多多
2009-09-15,,6379,大馬彩,特别奖,,廉,Decent,大馬彩
2009-06-27,,6379,萬能,安慰奖,,大减价广告,Cheap Sale Advertisement,萬能
2009-06-27,,6379,萬能,安慰奖,,廉,Incorrupt,多多
2009-06-27,,6379,萬能,安慰奖,,廉,Decent,大馬彩
2009-06-09,,6379,大馬彩,安慰奖,,大减价广告,Cheap Sale Advertisement,萬能
2009-06-09,,6379,大馬彩,安慰奖,,廉,Incorrupt,多多
2009-06-09,,6379,大馬彩,安慰奖,,廉,Decent,大馬彩
2008-01-27,,6379,大馬彩,安慰奖,,大减价广告,Cheap Sale Advertisement,萬能
2008-01-27,,6379,大馬彩,安慰奖,,廉,Incorrupt,多多
2008-01-27,,6379,大馬彩,安慰奖,,廉,Decent,大馬彩
2007-11-11,,6379,萬能,二奖,,大减价广告,Cheap Sale Advertisement,萬能
2007-11-11,,6379,萬能,二奖,,廉,Incorrupt,多多
2007-11-11,,6379,萬能,二奖,,廉,Decent,大馬彩
2007-08-08,,6379,多多,安慰奖,,大减价广告,Cheap Sale Advertisement,萬能
2007-08-08,,6379,多多,安慰奖,,廉,Incorrupt,多多
2007-08-08,,6379,多多,安慰奖,,廉,Decent,大馬彩
2007-03-21,,6379,大馬彩,安慰奖,,大减价广告,Cheap Sale Advertisement,萬能
2007-03-21,,6379,大馬彩,安慰奖,,廉,Incorrupt,多多
2007-03-21,,6379,大馬彩,安慰奖,,廉,Decent,大馬彩
2006-07-08,,6379,萬能,特别奖,,大减价广告,Cheap Sale Advertisement,萬能
2006-07-08,,6379,萬能,特别奖,,廉,Incorrupt,多多
2006-07-08,,6379,萬能,特别奖,,廉,Decent,大馬彩
2006-06-07,,6379,萬能,安慰奖,,大减价广告,Cheap Sale Advertisement,萬能
2006-06-07,,6379,萬能,安慰奖,,廉,Incorrupt,多多
2006-06-07,,6379,萬能,安慰奖,,廉,Decent,大馬彩
2004-11-20,,6379,大馬彩,安慰奖,,大减价广告,Cheap Sale Advertisement,萬能
2004-11-20,,6379,大馬彩,安慰奖,,廉,Incorrupt,多多
2004-11-20,,6379,大馬彩,安慰奖,,廉,Decent,大馬彩
2004-10-30,,6379,大馬彩,安慰奖,,大减价广告,Cheap Sale Advertisement,萬能
2004-10-30,,6379,大馬彩,安慰奖,,廉,Incorrupt,多多
2004-10-30,,6379,大馬彩,安慰奖,,廉,Decent,大馬彩
2003-03-16,,6379,大馬彩,安慰奖,,大减价广告,Cheap Sale Advertisement,萬能
2003-03-16,,6379,大馬彩,安慰奖,,廉,Incorrupt,多多
2003-03-16,,6379,大馬彩,安慰奖,,廉,Decent,大馬彩
2001-06-09,,6379,萬能,特别奖,,大减价广告,Cheap Sale Advertisement,萬能
2001-06-09,,6379,萬能,特别奖,,廉,Incorrupt,多多
2001-06-09,,6379,萬能,特别奖,,廉,Decent,大馬彩
2000-05-06,,6379,萬能,安慰奖,,大减价广告,Cheap Sale Advertisement,萬能
2000-05-06,,6379,萬能,安慰奖,,廉,Incorrupt,多多
2000-05-06,,6379,萬能,安慰奖,,廉,Decent,大馬彩
1999-12-22,,6379,萬能,安慰奖,,大减价广告,Cheap Sale Advertisement,萬能
1999-12-22,,6379,萬能,安慰奖,,廉,Incorrupt,多多
1999-12-22,,6379,萬能,安慰奖,,廉,Decent,大馬彩
1998-11-25,,6379,萬能,安慰奖,,大减价广告,Cheap Sale Advertisement,萬能
1998-11-25,,6379,萬能,安慰奖,,廉,Incorrupt,多多
1998-11-25,,6379,萬能,安慰奖,,廉,Decent,大馬彩
1998-03-22,,6379,多多,安慰奖,,大减价广告,Cheap Sale Advertisement,萬能
1998-03-22,,6379,多多,安慰奖,,廉,Incorrupt,多多
1998-03-22,,6379,多多,安慰奖,,廉,Decent,大馬彩
1998-03-15,,6379,萬能,二奖,,大减价广告,Cheap Sale Advertisement,萬能
1998-03-15,,6379,萬能,二奖,,廉,Incorrupt,多多
1998-03-15,,6379,萬能,二奖,,廉,Decent,大馬彩
1997-12-13,,6379,萬能,三奖,,大减价广告,Cheap Sale Advertisement,萬能
1997-12-13,,6379,萬能,三奖,,廉,Incorrupt,多多
1997-12-13,,6379,萬能,三奖,,廉,Decent,大馬彩
1997-09-17,,6379,多多,安慰奖,,大减价广告,Cheap Sale Advertisement,萬能
1997-09-17,,6379,多多,安慰奖,,廉,Incorrupt,多多
1997-09-17,,6379,多多,安慰奖,,廉,Decent,大馬彩
1997-07-16,,6379,大馬彩,安慰奖,,大减价广告,Cheap Sale Advertisement,萬能
1997-07-16,,6379,大馬彩,安慰奖,,廉,Incorrupt,多多
1997-07-16,,6379,大馬彩,安慰奖,,廉,Decent,大馬彩
1997-05-25,,6379,多多,特别奖,,大减价广告,Cheap Sale Advertisement,萬能
1997-05-25,,6379,多多,特别奖,,廉,Incorrupt,多多
1997-05-25,,6379,多多,特别奖,,廉,Decent,大馬彩
1997-02-08,,6379,多多,安慰奖,,大减价广告,Cheap Sale Advertisement,萬能
1997-02-08,,6379,多多,安慰奖,,廉,Incorrupt,多多
1997-02-08,,6379,多多,安慰奖,,廉,Decent,大馬彩
1996-05-25,,6379,多多,特别奖,,大减价广告,Cheap Sale Advertisement,萬能
1996-05-25,,6379,多多,特别奖,,廉,Incorrupt,多多
1996-05-25,,6379,多多,特别奖,,廉,Decent,大馬彩
1995-10-15,,6379,萬能,安慰奖,,大减价广告,Cheap Sale Advertisement,萬能
1995-10-15,,6379,萬能,安慰奖,,廉,Incorrupt,多多
1995-10-15,,6379,萬能,安慰奖,,廉,Decent,大馬彩
1995-10-15,,6379,大馬彩,安慰奖,,大减价广告,Cheap Sale Advertisement,萬能
1995-10-15,,6379,大馬彩,安慰奖,,廉,Incorrupt,多多
1995-10-15,,6379,大馬彩,安慰奖,,廉,Decent,大馬彩
1995-07-29,,6379,大馬彩,安慰奖,,大减价广告,Cheap Sale Advertisement,萬能
1995-07-29,,6379,大馬彩,安慰奖,,廉,Incorrupt,多多
1995-07-29,,6379,大馬彩,安慰奖,,廉,Decent,大馬彩
1990-03-08,,6379,萬能,二奖,,大减价广告,Cheap Sale Advertisement,萬能
1990-03-08,,6379,萬能,二奖,,廉,Incorrupt,多多
1990-03-08,,6379,萬能,二奖,,廉,Decent,大馬彩
1989-07-05,,6379,萬能,特别奖,,大减价广告,Cheap Sale Advertisement,萬能
1989-07-05,,6379,萬能,特别奖,,廉,Incorrupt,多多
1989-07-05,,6379,萬能,特别奖,,廉,Decent,大馬彩
1988-10-20,,6379,萬能,特别奖,,大减价广告,Cheap Sale Advertisement,萬能
1988-10-20,,6379,萬能,特别奖,,廉,Incorrupt,多多
1988-10-20,,6379,萬能,特别奖,,廉,Decent,大馬彩
1988-09-03,,6379,萬能,安慰奖,,大减价广告,Cheap Sale Advertisement,萬能
1988-09-03,,6379,萬能,安慰奖,,廉,Incorrupt,多多
1988-09-03,,6379,萬能,安慰奖,,廉,Decent,大馬彩
1988-01-17,,6379,萬能,安慰奖,,大减价广告,Cheap Sale Advertisement,萬能
1988-01-17,,6379,萬能,安慰奖,,廉,Incorrupt,多多
1988-01-17,,6379,萬能,安慰奖,,廉,Decent,大馬彩
1985-06-30,,6379,萬能,安慰奖,,大减价广告,Cheap Sale Advertisement,萬能
1985-06-30,,6379,萬能,安慰奖,,廉,Incorrupt,多多
1985-06-30,,6379,萬能,安慰奖,,廉,Decent,大馬彩
