开彩日期,开彩日,彩号,秦庄,彩金,抽奖,史记秦本纪,史记楚辞,史记秦庄
2023-11-29,,7952,多多,特别奖,,私人学校,Private School,萬能
2023-11-29,,7952,多多,特别奖,,三角锉,Triangular File,多多
2023-11-29,,7952,多多,特别奖,,如期,On Schedule,大馬彩
2023-02-15,,7952,星池,安慰奖,,私人学校,Private School,萬能
2023-02-15,,7952,星池,安慰奖,,三角锉,Triangular File,多多
2023-02-15,,7952,星池,安慰奖,,如期,On Schedule,大馬彩
2022-11-20,,7952,星池,安慰奖,,私人学校,Private School,萬能
2022-11-20,,7952,星池,安慰奖,,三角锉,Triangular File,多多
2022-11-20,,7952,星池,安慰奖,,如期,On Schedule,大馬彩
2021-11-30,,7952,萬能,安慰奖,,私人学校,Private School,萬能
2021-11-30,,7952,萬能,安慰奖,,三角锉,Triangular File,多多
2021-11-30,,7952,萬能,安慰奖,,如期,On Schedule,大馬彩
2019-10-19,,7952,星池,安慰奖,,私人学校,Private School,萬能
2019-10-19,,7952,星池,安慰奖,,三角锉,Triangular File,多多
2019-10-19,,7952,星池,安慰奖,,如期,On Schedule,大馬彩
2019-07-10,,7952,大馬彩,安慰奖,,私人学校,Private School,萬能
2019-07-10,,7952,大馬彩,安慰奖,,三角锉,Triangular File,多多
2019-07-10,,7952,大馬彩,安慰奖,,如期,On Schedule,大馬彩
2019-01-20,,7952,星池,安慰奖,,私人学校,Private School,萬能
2019-01-20,,7952,星池,安慰奖,,三角锉,Triangular File,多多
2019-01-20,,7952,星池,安慰奖,,如期,On Schedule,大馬彩
2018-09-09,,7952,大馬彩,安慰奖,,私人学校,Private School,萬能
2018-09-09,,7952,大馬彩,安慰奖,,三角锉,Triangular File,多多
2018-09-09,,7952,大馬彩,安慰奖,,如期,On Schedule,大馬彩
2017-12-06,,7952,多多,安慰奖,,私人学校,Private School,萬能
2017-12-06,,7952,多多,安慰奖,,三角锉,Triangular File,多多
2017-12-06,,7952,多多,安慰奖,,如期,On Schedule,大馬彩
2017-02-15,,7952,星池,安慰奖,,私人学校,Private School,萬能
2017-02-15,,7952,星池,安慰奖,,三角锉,Triangular File,多多
2017-02-15,,7952,星池,安慰奖,,如期,On Schedule,大馬彩
2015-03-18,,7952,萬能,安慰奖,,私人学校,Private School,萬能
2015-03-18,,7952,萬能,安慰奖,,三角锉,Triangular File,多多
2015-03-18,,7952,萬能,安慰奖,,如期,On Schedule,大馬彩
2014-10-08,,7952,多多,特别奖,,私人学校,Private School,萬能
2014-10-08,,7952,多多,特别奖,,三角锉,Triangular File,多多
2014-10-08,,7952,多多,特别奖,,如期,On Schedule,大馬彩
2014-08-31,,7952,萬能,安慰奖,,私人学校,Private School,萬能
2014-08-31,,7952,萬能,安慰奖,,三角锉,Triangular File,多多
2014-08-31,,7952,萬能,安慰奖,,如期,On Schedule,大馬彩
2014-08-10,,7952,星池,安慰奖,,私人学校,Private School,萬能
2014-08-10,,7952,星池,安慰奖,,三角锉,Triangular File,多多
2014-08-10,,7952,星池,安慰奖,,如期,On Schedule,大馬彩
2014-06-28,,7952,大馬彩,特别奖,,私人学校,Private School,萬能
2014-06-28,,7952,大馬彩,特别奖,,三角锉,Triangular File,多多
2014-06-28,,7952,大馬彩,特别奖,,如期,On Schedule,大馬彩
2014-03-09,,7952,萬能,特别奖,,私人学校,Private School,萬能
2014-03-09,,7952,萬能,特别奖,,三角锉,Triangular File,多多
2014-03-09,,7952,萬能,特别奖,,如期,On Schedule,大馬彩
2013-10-20,,7952,星池,特别奖,,私人学校,Private School,萬能
2013-10-20,,7952,星池,特别奖,,三角锉,Triangular File,多多
2013-10-20,,7952,星池,特别奖,,如期,On Schedule,大馬彩
2012-03-25,,7952,多多,安慰奖,,私人学校,Private School,萬能
2012-03-25,,7952,多多,安慰奖,,三角锉,Triangular File,多多
2012-03-25,,7952,多多,安慰奖,,如期,On Schedule,大馬彩
2011-10-26,,7952,萬能,特别奖,,私人学校,Private School,萬能
2011-10-26,,7952,萬能,特别奖,,三角锉,Triangular File,多多
2011-10-26,,7952,萬能,特别奖,,如期,On Schedule,大馬彩
2011-10-08,,7952,萬能,特别奖,,私人学校,Private School,萬能
2011-10-08,,7952,萬能,特别奖,,三角锉,Triangular File,多多
2011-10-08,,7952,萬能,特别奖,,如期,On Schedule,大馬彩
2011-08-10,,7952,大馬彩,特别奖,,私人学校,Private School,萬能
2011-08-10,,7952,大馬彩,特别奖,,三角锉,Triangular File,多多
2011-08-10,,7952,大馬彩,特别奖,,如期,On Schedule,大馬彩
2010-11-14,,7952,大馬彩,首奖,,私人学校,Private School,萬能
2010-11-14,,7952,大馬彩,首奖,,三角锉,Triangular File,多多
2010-11-14,,7952,大馬彩,首奖,,如期,On Schedule,大馬彩
2010-09-25,,7952,大馬彩,特别奖,,私人学校,Private School,萬能
2010-09-25,,7952,大馬彩,特别奖,,三角锉,Triangular File,多多
2010-09-25,,7952,大馬彩,特别奖,,如期,On Schedule,大馬彩
2010-07-10,,7952,多多,安慰奖,,私人学校,Private School,萬能
2010-07-10,,7952,多多,安慰奖,,三角锉,Triangular File,多多
2010-07-10,,7952,多多,安慰奖,,如期,On Schedule,大馬彩
2010-02-20,,7952,大馬彩,安慰奖,,私人学校,Private School,萬能
2010-02-20,,7952,大馬彩,安慰奖,,三角锉,Triangular File,多多
2010-02-20,,7952,大馬彩,安慰奖,,如期,On Schedule,大馬彩
2007-04-24,,7952,萬能,安慰奖,,私人学校,Private School,萬能
2007-04-24,,7952,萬能,安慰奖,,三角锉,Triangular File,多多
2007-04-24,,7952,萬能,安慰奖,,如期,On Schedule,大馬彩
2006-01-11,,7952,萬能,安慰奖,,私人学校,Private School,萬能
2006-01-11,,7952,萬能,安慰奖,,三角锉,Triangular File,多多
2006-01-11,,7952,萬能,安慰奖,,如期,On Schedule,大馬彩
2005-12-14,,7952,大馬彩,首奖,,私人学校,Private School,萬能
2005-12-14,,7952,大馬彩,首奖,,三角锉,Triangular File,多多
2005-12-14,,7952,大馬彩,首奖,,如期,On Schedule,大馬彩
2004-07-18,,7952,大馬彩,特别奖,,私人学校,Private School,萬能
2004-07-18,,7952,大馬彩,特别奖,,三角锉,Triangular File,多多
2004-07-18,,7952,大馬彩,特别奖,,如期,On Schedule,大馬彩
2003-01-05,,7952,大馬彩,特别奖,,私人学校,Private School,萬能
2003-01-05,,7952,大馬彩,特别奖,,三角锉,Triangular File,多多
2003-01-05,,7952,大馬彩,特别奖,,如期,On Schedule,大馬彩
2002-04-21,,7952,大馬彩,安慰奖,,私人学校,Private School,萬能
2002-04-21,,7952,大馬彩,安慰奖,,三角锉,Triangular File,多多
2002-04-21,,7952,大馬彩,安慰奖,,如期,On Schedule,大馬彩
2001-08-18,,7952,多多,特别奖,,私人学校,Private School,萬能
2001-08-18,,7952,多多,特别奖,,三角锉,Triangular File,多多
2001-08-18,,7952,多多,特别奖,,如期,On Schedule,大馬彩
2001-06-05,,7952,多多,特别奖,,私人学校,Private School,萬能
2001-06-05,,7952,多多,特别奖,,三角锉,Triangular File,多多
2001-06-05,,7952,多多,特别奖,,如期,On Schedule,大馬彩
2000-08-20,,7952,大馬彩,特别奖,,私人学校,Private School,萬能
2000-08-20,,7952,大馬彩,特别奖,,三角锉,Triangular File,多多
2000-08-20,,7952,大馬彩,特别奖,,如期,On Schedule,大馬彩
1999-05-16,,7952,萬能,特别奖,,私人学校,Private School,萬能
1999-05-16,,7952,萬能,特别奖,,三角锉,Triangular File,多多
1999-05-16,,7952,萬能,特别奖,,如期,On Schedule,大馬彩
1998-09-27,,7952,萬能,安慰奖,,私人学校,Private School,萬能
1998-09-27,,7952,萬能,安慰奖,,三角锉,Triangular File,多多
1998-09-27,,7952,萬能,安慰奖,,如期,On Schedule,大馬彩
1996-12-04,,7952,萬能,特别奖,,私人学校,Private School,萬能
1996-12-04,,7952,萬能,特别奖,,三角锉,Triangular File,多多
1996-12-04,,7952,萬能,特别奖,,如期,On Schedule,大馬彩
1996-08-10,,7952,大馬彩,特别奖,,私人学校,Private School,萬能
1996-08-10,,7952,大馬彩,特别奖,,三角锉,Triangular File,多多
1996-08-10,,7952,大馬彩,特别奖,,如期,On Schedule,大馬彩
1996-07-10,,7952,萬能,首奖,,私人学校,Private School,萬能
1996-07-10,,7952,萬能,首奖,,三角锉,Triangular File,多多
1996-07-10,,7952,萬能,首奖,,如期,On Schedule,大馬彩
1996-05-25,,7952,萬能,特别奖,,私人学校,Private School,萬能
1996-05-25,,7952,萬能,特别奖,,三角锉,Triangular File,多多
1996-05-25,,7952,萬能,特别奖,,如期,On Schedule,大馬彩
1995-11-25,,7952,多多,特别奖,,私人学校,Private School,萬能
1995-11-25,,7952,多多,特别奖,,三角锉,Triangular File,多多
1995-11-25,,7952,多多,特别奖,,如期,On Schedule,大馬彩
1994-08-14,,7952,大馬彩,特别奖,,私人学校,Private School,萬能
1994-08-14,,7952,大馬彩,特别奖,,三角锉,Triangular File,多多
1994-08-14,,7952,大馬彩,特别奖,,如期,On Schedule,大馬彩
1994-01-17,,7952,萬能,特别奖,,私人学校,Private School,萬能
1994-01-17,,7952,萬能,特别奖,,三角锉,Triangular File,多多
1994-01-17,,7952,萬能,特别奖,,如期,On Schedule,大馬彩
1993-07-24,,7952,萬能,安慰奖,,私人学校,Private School,萬能
1993-07-24,,7952,萬能,安慰奖,,三角锉,Triangular File,多多
1993-07-24,,7952,萬能,安慰奖,,如期,On Schedule,大馬彩
1993-05-09,,7952,多多,特别奖,,私人学校,Private School,萬能
1993-05-09,,7952,多多,特别奖,,三角锉,Triangular File,多多
1993-05-09,,7952,多多,特别奖,,如期,On Schedule,大馬彩
1992-08-20,,7952,萬能,特别奖,,私人学校,Private School,萬能
1992-08-20,,7952,萬能,特别奖,,三角锉,Triangular File,多多
1992-08-20,,7952,萬能,特别奖,,如期,On Schedule,大馬彩
1992-06-11,,7952,萬能,安慰奖,,私人学校,Private School,萬能
1992-06-11,,7952,萬能,安慰奖,,三角锉,Triangular File,多多
1992-06-11,,7952,萬能,安慰奖,,如期,On Schedule,大馬彩
1989-09-30,,7952,萬能,特别奖,,私人学校,Private School,萬能
1989-09-30,,7952,萬能,特别奖,,三角锉,Triangular File,多多
1989-09-30,,7952,萬能,特别奖,,如期,On Schedule,大馬彩
