开彩日期,彩号,秦庄,英庄,奖,秦典,英典
2023-01-18,1995,多多博彩,magnum,首奖,门牌,Doorplate
2022-10-19,1995,萬能,toto,安慰奖,门牌号码,House Number
2022-06-25,1995,萬能,toto,特别奖,门牌号码,House Number
2022-02-19,1995,萬能,toto,安慰奖,门牌号码,House Number
2020-12-26,1995,,sg4d,安慰奖,,
2019-12-29,1995,萬能,toto,二奖,门牌号码,House Number
2019-06-29,1995,大馬彩,damacai,安慰奖,门牌,House Number
2019-06-23,1995,萬能,toto,首奖,门牌号码,House Number
2018-09-29,1995,萬能,toto,特别奖,门牌号码,House Number
2018-06-03,1995,萬能,toto,三奖,门牌号码,House Number
2017-11-26,1995,萬能,toto,三奖,门牌号码,House Number
2017-02-26,1995,萬能,toto,特别奖,门牌号码,House Number
2016-05-18,1995,大馬彩,damacai,安慰奖,门牌,House Number
2016-05-11,1995,,sg4d,安慰奖,,
2016-01-24,1995,多多博彩,magnum,特别奖,门牌,Doorplate
2015-12-09,1995,大馬彩,damacai,三奖,门牌,House Number
2015-06-27,1995,,sg4d,安慰奖,,
2015-02-07,1995,,sg4d,安慰奖,,
2014-10-22,1995,萬能,toto,安慰奖,门牌号码,House Number
2014-09-17,1995,多多博彩,magnum,特别奖,门牌,Doorplate
2014-09-03,1995,萬能,toto,安慰奖,门牌号码,House Number
2014-07-13,1995,萬能,toto,特别奖,门牌号码,House Number
2013-05-29,1995,多多博彩,magnum,特别奖,门牌,Doorplate
2013-02-19,1995,多多博彩,magnum,首奖,门牌,Doorplate
2013-02-09,1995,大馬彩,damacai,特别奖,门牌,House Number
2012-11-25,1995,萬能,toto,特别奖,门牌号码,House Number
2012-06-10,1995,萬能,toto,特别奖,门牌号码,House Number
2011-05-11,1995,大馬彩,damacai,安慰奖,门牌,House Number
2009-11-21,1995,,sg4d,安慰奖,,
2008-08-09,1995,多多博彩,magnum,安慰奖,门牌,Doorplate
2007-10-30,1995,大馬彩,damacai,安慰奖,门牌,House Number
2007-03-31,1995,萬能,toto,安慰奖,门牌号码,House Number
2004-07-25,1995,萬能,toto,二奖,门牌号码,House Number
2003-12-06,1995,大馬彩,damacai,特别奖,门牌,House Number
2002-08-07,1995,萬能,toto,安慰奖,门牌号码,House Number
2002-06-22,1995,多多博彩,magnum,二奖,门牌,Doorplate
2000-03-22,1995,多多博彩,magnum,特别奖,门牌,Doorplate
2000-01-23,1995,萬能,toto,特别奖,门牌号码,House Number
1997-08-10,1995,多多博彩,magnum,安慰奖,门牌,Doorplate
1997-04-12,1995,萬能,toto,特别奖,门牌号码,House Number
1997-03-01,1995,萬能,toto,安慰奖,门牌号码,House Number
1996-11-20,1995,大馬彩,damacai,特别奖,门牌,House Number
1996-07-20,1995,大馬彩,damacai,三奖,门牌,House Number
1993-11-01,1995,多多博彩,magnum,安慰奖,门牌,Doorplate
1992-06-24,1995,萬能,toto,特别奖,门牌号码,House Number
1988-02-27,1995,多多博彩,magnum,安慰奖,门牌,Doorplate
1986-09-04,1995,多多博彩,magnum,安慰奖,门牌,Doorplate
