彩号,彩金,抽奖,开彩日期,开彩日,秦庄,图译,秦典
2090,Consolation,5810/24,2024-09-29,Sun,大馬彩,Alarm Did Not Ring / 闹钟不响,Magnum 4D 萬能
2090,Consolation,5810/24,2024-09-29,Sun,大馬彩,BAR COUNCIL,Damacai 大馬彩
2090,Consolation,5810/24,2024-09-29,Sun,大馬彩,Water torture by Japanese army / 被日军灌水,Sports Toto 多多
2090,1ST,3905/24,2024-08-07,Wed,沙巴彩,Alarm Did Not Ring / 闹钟不响,Magnum 4D 萬能
2090,1ST,3905/24,2024-08-07,Wed,沙巴彩,BAR COUNCIL,Damacai 大馬彩
2090,1ST,3905/24,2024-08-07,Wed,沙巴彩,Water torture by Japanese army / 被日军灌水,Sports Toto 多多
2090,1ST,5774/24,2024-07-10,Wed,大馬彩,Alarm Did Not Ring / 闹钟不响,Magnum 4D 萬能
2090,1ST,5774/24,2024-07-10,Wed,大馬彩,BAR COUNCIL,Damacai 大馬彩
2090,1ST,5774/24,2024-07-10,Wed,大馬彩,Water torture by Japanese army / 被日军灌水,Sports Toto 多多
2090,Consolation,078/24,2024-06-22,Sat,山打根馬會,Alarm Did Not Ring / 闹钟不响,Magnum 4D 萬能
2090,Consolation,078/24,2024-06-22,Sat,山打根馬會,BAR COUNCIL,Damacai 大馬彩
2090,Consolation,078/24,2024-06-22,Sat,山打根馬會,Water torture by Japanese army / 被日军灌水,Sports Toto 多多
2090,Special,5151,2024-03-31,Sun,星池,Alarm Did Not Ring / 闹钟不响,Magnum 4D 萬能
2090,Special,5151,2024-03-31,Sun,星池,BAR COUNCIL,Damacai 大馬彩
2090,Special,5151,2024-03-31,Sun,星池,Water torture by Japanese army / 被日军灌水,Sports Toto 多多
2090,Special,3722/23,2023-06-28,Wed,沙巴彩,Alarm Did Not Ring / 闹钟不响,Magnum 4D 萬能
2090,Special,3722/23,2023-06-28,Wed,沙巴彩,BAR COUNCIL,Damacai 大馬彩
2090,Special,3722/23,2023-06-28,Wed,沙巴彩,Water torture by Japanese army / 被日军灌水,Sports Toto 多多
2090,Special,3714/23,2023-06-10,Sat,沙巴彩,Alarm Did Not Ring / 闹钟不响,Magnum 4D 萬能
2090,Special,3714/23,2023-06-10,Sat,沙巴彩,BAR COUNCIL,Damacai 大馬彩
2090,Special,3714/23,2023-06-10,Sat,沙巴彩,Water torture by Japanese army / 被日军灌水,Sports Toto 多多
2090,1ST,870/23,2023-05-10,Wed,萬能,Alarm Did Not Ring / 闹钟不响,Magnum 4D 萬能
2090,1ST,870/23,2023-05-10,Wed,萬能,BAR COUNCIL,Damacai 大馬彩
2090,1ST,870/23,2023-05-10,Wed,萬能,Water torture by Japanese army / 被日军灌水,Sports Toto 多多
2090,Consolation,4570/22,2022-01-30,Sun,砂大萬,Alarm Did Not Ring / 闹钟不响,Magnum 4D 萬能
2090,Consolation,4570/22,2022-01-30,Sun,砂大萬,BAR COUNCIL,Damacai 大馬彩
2090,Consolation,4570/22,2022-01-30,Sun,砂大萬,Water torture by Japanese army / 被日军灌水,Sports Toto 多多
2090,Consolation,4782,2021-11-21,Sun,星池,Alarm Did Not Ring / 闹钟不响,Magnum 4D 萬能
2090,Consolation,4782,2021-11-21,Sun,星池,BAR COUNCIL,Damacai 大馬彩
2090,Consolation,4782,2021-11-21,Sun,星池,Water torture by Japanese army / 被日军灌水,Sports Toto 多多
2090,Consolation,001/21,2021-01-02,Sat,山打根馬會,Alarm Did Not Ring / 闹钟不响,Magnum 4D 萬能
2090,Consolation,001/21,2021-01-02,Sat,山打根馬會,BAR COUNCIL,Damacai 大馬彩
2090,Consolation,001/21,2021-01-02,Sat,山打根馬會,Water torture by Japanese army / 被日军灌水,Sports Toto 多多
2090,Special,5147/20,2020-11-21,Sat,大馬彩,Alarm Did Not Ring / 闹钟不响,Magnum 4D 萬能
2090,Special,5147/20,2020-11-21,Sat,大馬彩,BAR COUNCIL,Damacai 大馬彩
2090,Special,5147/20,2020-11-21,Sat,大馬彩,Water torture by Japanese army / 被日军灌水,Sports Toto 多多
2090,Consolation,4215/20,2020-01-08,Wed,砂大萬,Alarm Did Not Ring / 闹钟不响,Magnum 4D 萬能
2090,Consolation,4215/20,2020-01-08,Wed,砂大萬,BAR COUNCIL,Damacai 大馬彩
2090,Consolation,4215/20,2020-01-08,Wed,砂大萬,Water torture by Japanese army / 被日军灌水,Sports Toto 多多
2090,Special,251/19,2019-10-09,Wed,萬能,Alarm Did Not Ring / 闹钟不响,Magnum 4D 萬能
2090,Special,251/19,2019-10-09,Wed,萬能,BAR COUNCIL,Damacai 大馬彩
2090,Special,251/19,2019-10-09,Wed,萬能,Water torture by Japanese army / 被日军灌水,Sports Toto 多多
2090,Consolation,192/19,2019-06-05,Wed,萬能,Alarm Did Not Ring / 闹钟不响,Magnum 4D 萬能
2090,Consolation,192/19,2019-06-05,Wed,萬能,BAR COUNCIL,Damacai 大馬彩
2090,Consolation,192/19,2019-06-05,Wed,萬能,Water torture by Japanese army / 被日军灌水,Sports Toto 多多
2090,3RD,4085/19,2019-03-30,Sat,砂大萬,Alarm Did Not Ring / 闹钟不响,Magnum 4D 萬能
2090,3RD,4085/19,2019-03-30,Sat,砂大萬,BAR COUNCIL,Damacai 大馬彩
2090,3RD,4085/19,2019-03-30,Sat,砂大萬,Water torture by Japanese army / 被日军灌水,Sports Toto 多多
2090,Consolation,3968/18,2018-07-31,Tue,砂大萬,Alarm Did Not Ring / 闹钟不响,Magnum 4D 萬能
2090,Consolation,3968/18,2018-07-31,Tue,砂大萬,BAR COUNCIL,Damacai 大馬彩
2090,Consolation,3968/18,2018-07-31,Tue,砂大萬,Water torture by Japanese army / 被日军灌水,Sports Toto 多多
2090,Consolation,4712/18,2018-04-28,Sat,大馬彩,Alarm Did Not Ring / 闹钟不响,Magnum 4D 萬能
2090,Consolation,4712/18,2018-04-28,Sat,大馬彩,BAR COUNCIL,Damacai 大馬彩
2090,Consolation,4712/18,2018-04-28,Sat,大馬彩,Water torture by Japanese army / 被日军灌水,Sports Toto 多多
2090,Consolation,4677/18,2018-02-14,Wed,大馬彩,Alarm Did Not Ring / 闹钟不响,Magnum 4D 萬能
2090,Consolation,4677/18,2018-02-14,Wed,大馬彩,BAR COUNCIL,Damacai 大馬彩
2090,Consolation,4677/18,2018-02-14,Wed,大馬彩,Water torture by Japanese army / 被日军灌水,Sports Toto 多多
2090,Special,4664/18,2018-01-21,Sun,大馬彩,Alarm Did Not Ring / 闹钟不响,Magnum 4D 萬能
2090,Special,4664/18,2018-01-21,Sun,大馬彩,BAR COUNCIL,Damacai 大馬彩
2090,Special,4664/18,2018-01-21,Sun,大馬彩,Water torture by Japanese army / 被日军灌水,Sports Toto 多多
2090,Special,4548/17,2017-05-27,Sat,大馬彩,Alarm Did Not Ring / 闹钟不响,Magnum 4D 萬能
2090,Special,4548/17,2017-05-27,Sat,大馬彩,BAR COUNCIL,Damacai 大馬彩
2090,Special,4548/17,2017-05-27,Sat,大馬彩,Water torture by Japanese army / 被日军灌水,Sports Toto 多多
2090,Consolation,4528/17,2017-04-15,Sat,大馬彩,Alarm Did Not Ring / 闹钟不响,Magnum 4D 萬能
2090,Consolation,4528/17,2017-04-15,Sat,大馬彩,BAR COUNCIL,Damacai 大馬彩
2090,Consolation,4528/17,2017-04-15,Sat,大馬彩,Water torture by Japanese army / 被日军灌水,Sports Toto 多多
2090,Special,3693/17,2017-01-11,Wed,砂大萬,Alarm Did Not Ring / 闹钟不响,Magnum 4D 萬能
2090,Special,3693/17,2017-01-11,Wed,砂大萬,BAR COUNCIL,Damacai 大馬彩
2090,Special,3693/17,2017-01-11,Wed,砂大萬,Water torture by Japanese army / 被日军灌水,Sports Toto 多多
2090,Special,4400/16,2016-07-31,Sun,大馬彩,Alarm Did Not Ring / 闹钟不响,Magnum 4D 萬能
2090,Special,4400/16,2016-07-31,Sun,大馬彩,BAR COUNCIL,Damacai 大馬彩
2090,Special,4400/16,2016-07-31,Sun,大馬彩,Water torture by Japanese army / 被日军灌水,Sports Toto 多多
2090,1ST,065/16,2016-05-07,Sat,山打根馬會,Alarm Did Not Ring / 闹钟不响,Magnum 4D 萬能
2090,1ST,065/16,2016-05-07,Sat,山打根馬會,BAR COUNCIL,Damacai 大馬彩
2090,1ST,065/16,2016-05-07,Sat,山打根馬會,Water torture by Japanese army / 被日军灌水,Sports Toto 多多
2090,Consolation,485/15,2015-07-04,Sat,萬能,Alarm Did Not Ring / 闹钟不响,Magnum 4D 萬能
2090,Consolation,485/15,2015-07-04,Sat,萬能,BAR COUNCIL,Damacai 大馬彩
2090,Consolation,485/15,2015-07-04,Sat,萬能,Water torture by Japanese army / 被日军灌水,Sports Toto 多多
2090,Special,3755,2015-02-14,Sat,星池,Alarm Did Not Ring / 闹钟不响,Magnum 4D 萬能
2090,Special,3755,2015-02-14,Sat,星池,BAR COUNCIL,Damacai 大馬彩
2090,Special,3755,2015-02-14,Sat,星池,Water torture by Japanese army / 被日军灌水,Sports Toto 多多
2090,3RD,392/14,2014-12-28,Sun,萬能,Alarm Did Not Ring / 闹钟不响,Magnum 4D 萬能
2090,3RD,392/14,2014-12-28,Sun,萬能,BAR COUNCIL,Damacai 大馬彩
2090,3RD,392/14,2014-12-28,Sun,萬能,Water torture by Japanese army / 被日军灌水,Sports Toto 多多
2090,Special,4019/14,2014-02-22,Sat,多多,Alarm Did Not Ring / 闹钟不响,Magnum 4D 萬能
2090,Special,4019/14,2014-02-22,Sat,多多,BAR COUNCIL,Damacai 大馬彩
2090,Special,4019/14,2014-02-22,Sat,多多,Water torture by Japanese army / 被日军灌水,Sports Toto 多多
2090,Consolation,122/13,2013-09-04,Wed,山打根馬會,Alarm Did Not Ring / 闹钟不响,Magnum 4D 萬能
2090,Consolation,122/13,2013-09-04,Wed,山打根馬會,BAR COUNCIL,Damacai 大馬彩
2090,Consolation,122/13,2013-09-04,Wed,山打根馬會,Water torture by Japanese army / 被日军灌水,Sports Toto 多多
2090,Special,3867/13,2013-04-14,Sun,多多,Alarm Did Not Ring / 闹钟不响,Magnum 4D 萬能
2090,Special,3867/13,2013-04-14,Sun,多多,BAR COUNCIL,Damacai 大馬彩
2090,Special,3867/13,2013-04-14,Sun,多多,Water torture by Japanese army / 被日军灌水,Sports Toto 多多
2090,2ND,14/13,2013-01-27,Sun,山打根馬會,Alarm Did Not Ring / 闹钟不响,Magnum 4D 萬能
2090,2ND,14/13,2013-01-27,Sun,山打根馬會,BAR COUNCIL,Damacai 大馬彩
2090,2ND,14/13,2013-01-27,Sun,山打根馬會,Water torture by Japanese army / 被日军灌水,Sports Toto 多多
2090,Consolation,3689/12,2012-08-05,Sun,大馬彩,Alarm Did Not Ring / 闹钟不响,Magnum 4D 萬能
2090,Consolation,3689/12,2012-08-05,Sun,大馬彩,BAR COUNCIL,Damacai 大馬彩
2090,Consolation,3689/12,2012-08-05,Sun,大馬彩,Water torture by Japanese army / 被日军灌水,Sports Toto 多多
2090,Special,1808/12,2012-08-04,Sat,沙巴彩,Alarm Did Not Ring / 闹钟不响,Magnum 4D 萬能
2090,Special,1808/12,2012-08-04,Sat,沙巴彩,BAR COUNCIL,Damacai 大馬彩
2090,Special,1808/12,2012-08-04,Sat,沙巴彩,Water torture by Japanese army / 被日军灌水,Sports Toto 多多
2090,Special,2821/12,2012-02-19,Sun,砂大萬,Alarm Did Not Ring / 闹钟不响,Magnum 4D 萬能
2090,Special,2821/12,2012-02-19,Sun,砂大萬,BAR COUNCIL,Damacai 大馬彩
2090,Special,2821/12,2012-02-19,Sun,砂大萬,Water torture by Japanese army / 被日军灌水,Sports Toto 多多
2090,Special,1699/11,2011-12-27,Tue,沙巴彩,Alarm Did Not Ring / 闹钟不响,Magnum 4D 萬能
2090,Special,1699/11,2011-12-27,Tue,沙巴彩,BAR COUNCIL,Damacai 大馬彩
2090,Special,1699/11,2011-12-27,Tue,沙巴彩,Water torture by Japanese army / 被日军灌水,Sports Toto 多多
2090,Consolation,3622/11,2011-12-04,Sun,多多,Alarm Did Not Ring / 闹钟不响,Magnum 4D 萬能
2090,Consolation,3622/11,2011-12-04,Sun,多多,BAR COUNCIL,Damacai 大馬彩
2090,Consolation,3622/11,2011-12-04,Sun,多多,Water torture by Japanese army / 被日军灌水,Sports Toto 多多
2090,Consolation,660/10,2010-11-17,Wed,萬能,Alarm Did Not Ring / 闹钟不响,Magnum 4D 萬能
2090,Consolation,660/10,2010-11-17,Wed,萬能,BAR COUNCIL,Damacai 大馬彩
2090,Consolation,660/10,2010-11-17,Wed,萬能,Water torture by Japanese army / 被日军灌水,Sports Toto 多多
2090,Consolation,153/10,2010-11-10,Wed,山打根馬會,Alarm Did Not Ring / 闹钟不响,Magnum 4D 萬能
2090,Consolation,153/10,2010-11-10,Wed,山打根馬會,BAR COUNCIL,Damacai 大馬彩
2090,Consolation,153/10,2010-11-10,Wed,山打根馬會,Water torture by Japanese army / 被日军灌水,Sports Toto 多多
2090,Consolation,1467/10,2010-09-01,Wed,沙巴彩,Alarm Did Not Ring / 闹钟不响,Magnum 4D 萬能
2090,Consolation,1467/10,2010-09-01,Wed,沙巴彩,BAR COUNCIL,Damacai 大馬彩
2090,Consolation,1467/10,2010-09-01,Wed,沙巴彩,Water torture by Japanese army / 被日军灌水,Sports Toto 多多
2090,Special,102/10,2010-07-27,Tue,山打根馬會,Alarm Did Not Ring / 闹钟不响,Magnum 4D 萬能
2090,Special,102/10,2010-07-27,Tue,山打根馬會,BAR COUNCIL,Damacai 大馬彩
2090,Special,102/10,2010-07-27,Tue,山打根馬會,Water torture by Japanese army / 被日军灌水,Sports Toto 多多
2090,Consolation,421/09,2009-07-15,Wed,萬能,Alarm Did Not Ring / 闹钟不响,Magnum 4D 萬能
2090,Consolation,421/09,2009-07-15,Wed,萬能,BAR COUNCIL,Damacai 大馬彩
2090,Consolation,421/09,2009-07-15,Wed,萬能,Water torture by Japanese army / 被日军灌水,Sports Toto 多多
2090,Consolation,3169/09,2009-05-09,Sat,多多,Alarm Did Not Ring / 闹钟不响,Magnum 4D 萬能
2090,Consolation,3169/09,2009-05-09,Sat,多多,BAR COUNCIL,Damacai 大馬彩
2090,Consolation,3169/09,2009-05-09,Sat,多多,Water torture by Japanese army / 被日军灌水,Sports Toto 多多
2090,1ST,3114/09,2009-01-10,Sat,多多,Alarm Did Not Ring / 闹钟不响,Magnum 4D 萬能
2090,1ST,3114/09,2009-01-10,Sat,多多,BAR COUNCIL,Damacai 大馬彩
2090,1ST,3114/09,2009-01-10,Sat,多多,Water torture by Japanese army / 被日军灌水,Sports Toto 多多
2090,Special,120/08,2008-09-28,Sun,山打根馬會,Alarm Did Not Ring / 闹钟不响,Magnum 4D 萬能
2090,Special,120/08,2008-09-28,Sun,山打根馬會,BAR COUNCIL,Damacai 大馬彩
2090,Special,120/08,2008-09-28,Sun,山打根馬會,Water torture by Japanese army / 被日军灌水,Sports Toto 多多
2090,Special,105/07,2007-08-18,Sat,萬能,Alarm Did Not Ring / 闹钟不响,Magnum 4D 萬能
2090,Special,105/07,2007-08-18,Sat,萬能,BAR COUNCIL,Damacai 大馬彩
2090,Special,105/07,2007-08-18,Sat,萬能,Water torture by Japanese army / 被日军灌水,Sports Toto 多多
2090,Special,47/04,2007-04-14,Sat,山打根馬會,Alarm Did Not Ring / 闹钟不响,Magnum 4D 萬能
2090,Special,47/04,2007-04-14,Sat,山打根馬會,BAR COUNCIL,Damacai 大馬彩
2090,Special,47/04,2007-04-14,Sat,山打根馬會,Water torture by Japanese army / 被日军灌水,Sports Toto 多多
2090,Special,110/06,2006-08-20,Sun,山打根馬會,Alarm Did Not Ring / 闹钟不响,Magnum 4D 萬能
2090,Special,110/06,2006-08-20,Sun,山打根馬會,BAR COUNCIL,Damacai 大馬彩
2090,Special,110/06,2006-08-20,Sun,山打根馬會,Water torture by Japanese army / 被日军灌水,Sports Toto 多多
2090,Special,2689/06,2006-06-17,Sat,多多,Alarm Did Not Ring / 闹钟不响,Magnum 4D 萬能
2090,Special,2689/06,2006-06-17,Sat,多多,BAR COUNCIL,Damacai 大馬彩
2090,Special,2689/06,2006-06-17,Sat,多多,Water torture by Japanese army / 被日军灌水,Sports Toto 多多
2090,Special,741/06,2006-05-17,Wed,沙巴彩,Alarm Did Not Ring / 闹钟不响,Magnum 4D 萬能
2090,Special,741/06,2006-05-17,Wed,沙巴彩,BAR COUNCIL,Damacai 大馬彩
2090,Special,741/06,2006-05-17,Wed,沙巴彩,Water torture by Japanese army / 被日军灌水,Sports Toto 多多
2090,Special,2328/2006,2006-01-01,Sun,星池,Alarm Did Not Ring / 闹钟不响,Magnum 4D 萬能
2090,Special,2328/2006,2006-01-01,Sun,星池,BAR COUNCIL,Damacai 大馬彩
2090,Special,2328/2006,2006-01-01,Sun,星池,Water torture by Japanese army / 被日军灌水,Sports Toto 多多
2090,Consolation,2324/2005,2005-12-24,Sat,星池,Alarm Did Not Ring / 闹钟不响,Magnum 4D 萬能
2090,Consolation,2324/2005,2005-12-24,Sat,星池,BAR COUNCIL,Damacai 大馬彩
2090,Consolation,2324/2005,2005-12-24,Sat,星池,Water torture by Japanese army / 被日军灌水,Sports Toto 多多
2090,1ST,631/05,2005-10-01,Sat,沙巴彩,Alarm Did Not Ring / 闹钟不响,Magnum 4D 萬能
2090,1ST,631/05,2005-10-01,Sat,沙巴彩,BAR COUNCIL,Damacai 大馬彩
2090,1ST,631/05,2005-10-01,Sat,沙巴彩,Water torture by Japanese army / 被日军灌水,Sports Toto 多多
2090,2ND,109/05,2005-09-10,Sat,萬能,Alarm Did Not Ring / 闹钟不响,Magnum 4D 萬能
2090,2ND,109/05,2005-09-10,Sat,萬能,BAR COUNCIL,Damacai 大馬彩
2090,2ND,109/05,2005-09-10,Sat,萬能,Water torture by Japanese army / 被日军灌水,Sports Toto 多多
2090,Consolation,094/05,2005-08-06,Sat,萬能,Alarm Did Not Ring / 闹钟不响,Magnum 4D 萬能
2090,Consolation,094/05,2005-08-06,Sat,萬能,BAR COUNCIL,Damacai 大馬彩
2090,Consolation,094/05,2005-08-06,Sat,萬能,Water torture by Japanese army / 被日军灌水,Sports Toto 多多
2090,Consolation,2448/05,2005-05-14,Sat,大馬彩,Alarm Did Not Ring / 闹钟不响,Magnum 4D 萬能
2090,Consolation,2448/05,2005-05-14,Sat,大馬彩,BAR COUNCIL,Damacai 大馬彩
2090,Consolation,2448/05,2005-05-14,Sat,大馬彩,Water torture by Japanese army / 被日军灌水,Sports Toto 多多
2090,Special,2443/05,2005-05-03,Tue,大馬彩,Alarm Did Not Ring / 闹钟不响,Magnum 4D 萬能
2090,Special,2443/05,2005-05-03,Tue,大馬彩,BAR COUNCIL,Damacai 大馬彩
2090,Special,2443/05,2005-05-03,Tue,大馬彩,Water torture by Japanese army / 被日军灌水,Sports Toto 多多
2090,Consolation,048/05,2005-04-20,Wed,萬能,Alarm Did Not Ring / 闹钟不响,Magnum 4D 萬能
2090,Consolation,048/05,2005-04-20,Wed,萬能,BAR COUNCIL,Damacai 大馬彩
2090,Consolation,048/05,2005-04-20,Wed,萬能,Water torture by Japanese army / 被日军灌水,Sports Toto 多多
2090,1ST,099/04,2004-08-14,Sat,山打根馬會,Alarm Did Not Ring / 闹钟不响,Magnum 4D 萬能
2090,1ST,099/04,2004-08-14,Sat,山打根馬會,BAR COUNCIL,Damacai 大馬彩
2090,1ST,099/04,2004-08-14,Sat,山打根馬會,Water torture by Japanese army / 被日军灌水,Sports Toto 多多
2090,Consolation,2119/03,2003-05-28,Wed,大馬彩,Alarm Did Not Ring / 闹钟不响,Magnum 4D 萬能
2090,Consolation,2119/03,2003-05-28,Wed,大馬彩,BAR COUNCIL,Damacai 大馬彩
2090,Consolation,2119/03,2003-05-28,Wed,大馬彩,Water torture by Japanese army / 被日军灌水,Sports Toto 多多
2090,Consolation,205/03,2003-03-08,Sat,沙巴彩,Alarm Did Not Ring / 闹钟不响,Magnum 4D 萬能
2090,Consolation,205/03,2003-03-08,Sat,沙巴彩,BAR COUNCIL,Damacai 大馬彩
2090,Consolation,205/03,2003-03-08,Sat,沙巴彩,Water torture by Japanese army / 被日军灌水,Sports Toto 多多
2090,Special,196/03,2003-02-18,Tue,沙巴彩,Alarm Did Not Ring / 闹钟不响,Magnum 4D 萬能
2090,Special,196/03,2003-02-18,Tue,沙巴彩,BAR COUNCIL,Damacai 大馬彩
2090,Special,196/03,2003-02-18,Tue,沙巴彩,Water torture by Japanese army / 被日军灌水,Sports Toto 多多
2090,2ND,1851/2002,2002-12-15,Sun,星池,Alarm Did Not Ring / 闹钟不响,Magnum 4D 萬能
2090,2ND,1851/2002,2002-12-15,Sun,星池,BAR COUNCIL,Damacai 大馬彩
2090,2ND,1851/2002,2002-12-15,Sun,星池,Water torture by Japanese army / 被日军灌水,Sports Toto 多多
2090,Special,2010/02,2002-06-02,Sun,多多,Alarm Did Not Ring / 闹钟不响,Magnum 4D 萬能
2090,Special,2010/02,2002-06-02,Sun,多多,BAR COUNCIL,Damacai 大馬彩
2090,Special,2010/02,2002-06-02,Sun,多多,Water torture by Japanese army / 被日军灌水,Sports Toto 多多
2090,3RD,2008/02,2002-05-29,Wed,多多,Alarm Did Not Ring / 闹钟不响,Magnum 4D 萬能
2090,3RD,2008/02,2002-05-29,Wed,多多,BAR COUNCIL,Damacai 大馬彩
2090,3RD,2008/02,2002-05-29,Wed,多多,Water torture by Japanese army / 被日军灌水,Sports Toto 多多
2090,Special,156/01,2001-12-30,Sun,萬能,Alarm Did Not Ring / 闹钟不响,Magnum 4D 萬能
2090,Special,156/01,2001-12-30,Sun,萬能,BAR COUNCIL,Damacai 大馬彩
2090,Special,156/01,2001-12-30,Sun,萬能,Water torture by Japanese army / 被日军灌水,Sports Toto 多多
2090,Special,1026/01,2001-07-21,Sat,砂大萬,Alarm Did Not Ring / 闹钟不响,Magnum 4D 萬能
2090,Special,1026/01,2001-07-21,Sat,砂大萬,BAR COUNCIL,Damacai 大馬彩
2090,Special,1026/01,2001-07-21,Sat,砂大萬,Water torture by Japanese army / 被日军灌水,Sports Toto 多多
2090,Consolation,1775/01,2001-04-21,Sat,大馬彩,Alarm Did Not Ring / 闹钟不响,Magnum 4D 萬能
2090,Consolation,1775/01,2001-04-21,Sat,大馬彩,BAR COUNCIL,Damacai 大馬彩
2090,Consolation,1775/01,2001-04-21,Sat,大馬彩,Water torture by Japanese army / 被日军灌水,Sports Toto 多多
2090,Consolation,1515/2000,2000-10-22,Sun,星池,Alarm Did Not Ring / 闹钟不响,Magnum 4D 萬能
2090,Consolation,1515/2000,2000-10-22,Sun,星池,BAR COUNCIL,Damacai 大馬彩
2090,Consolation,1515/2000,2000-10-22,Sun,星池,Water torture by Japanese army / 被日军灌水,Sports Toto 多多
2090,1ST,1715/00,2000-08-09,Wed,多多,Alarm Did Not Ring / 闹钟不响,Magnum 4D 萬能
2090,1ST,1715/00,2000-08-09,Wed,多多,BAR COUNCIL,Damacai 大馬彩
2090,1ST,1715/00,2000-08-09,Wed,多多,Water torture by Japanese army / 被日军灌水,Sports Toto 多多
2090,Consolation,0860/00,2000-07-15,Sat,砂大萬,Alarm Did Not Ring / 闹钟不响,Magnum 4D 萬能
2090,Consolation,0860/00,2000-07-15,Sat,砂大萬,BAR COUNCIL,Damacai 大馬彩
2090,Consolation,0860/00,2000-07-15,Sat,砂大萬,Water torture by Japanese army / 被日军灌水,Sports Toto 多多
2090,Consolation,1471/2000,2000-07-01,Sat,星池,Alarm Did Not Ring / 闹钟不响,Magnum 4D 萬能
2090,Consolation,1471/2000,2000-07-01,Sat,星池,BAR COUNCIL,Damacai 大馬彩
2090,Consolation,1471/2000,2000-07-01,Sat,星池,Water torture by Japanese army / 被日军灌水,Sports Toto 多多
2090,Consolation,0711/99,1999-08-11,Wed,砂大萬,Alarm Did Not Ring / 闹钟不响,Magnum 4D 萬能
2090,Consolation,0711/99,1999-08-11,Wed,砂大萬,BAR COUNCIL,Damacai 大馬彩
2090,Consolation,0711/99,1999-08-11,Wed,砂大萬,Water torture by Japanese army / 被日军灌水,Sports Toto 多多
2090,Special,032/99,1999-03-14,Sun,萬能,Alarm Did Not Ring / 闹钟不响,Magnum 4D 萬能
2090,Special,032/99,1999-03-14,Sun,萬能,BAR COUNCIL,Damacai 大馬彩
2090,Special,032/99,1999-03-14,Sun,萬能,Water torture by Japanese army / 被日军灌水,Sports Toto 多多
2090,Consolation,113/97,1997-09-20,Sat,萬能,Alarm Did Not Ring / 闹钟不响,Magnum 4D 萬能
2090,Consolation,113/97,1997-09-20,Sat,萬能,BAR COUNCIL,Damacai 大馬彩
2090,Consolation,113/97,1997-09-20,Sat,萬能,Water torture by Japanese army / 被日军灌水,Sports Toto 多多
2090,Special,41/1997,1997-04-05,Sat,山打根馬會,Alarm Did Not Ring / 闹钟不响,Magnum 4D 萬能
2090,Special,41/1997,1997-04-05,Sat,山打根馬會,BAR COUNCIL,Damacai 大馬彩
2090,Special,41/1997,1997-04-05,Sat,山打根馬會,Water torture by Japanese army / 被日军灌水,Sports Toto 多多
2090,3RD,99/1996,1996-08-18,Sun,山打根馬會,Alarm Did Not Ring / 闹钟不响,Magnum 4D 萬能
2090,3RD,99/1996,1996-08-18,Sun,山打根馬會,BAR COUNCIL,Damacai 大馬彩
2090,3RD,99/1996,1996-08-18,Sun,山打根馬會,Water torture by Japanese army / 被日军灌水,Sports Toto 多多
2090,Consolation,052/96,1996-05-01,Wed,萬能,Alarm Did Not Ring / 闹钟不响,Magnum 4D 萬能
2090,Consolation,052/96,1996-05-01,Wed,萬能,BAR COUNCIL,Damacai 大馬彩
2090,Consolation,052/96,1996-05-01,Wed,萬能,Water torture by Japanese army / 被日军灌水,Sports Toto 多多
2090,Consolation,045/96,1996-04-14,Sun,萬能,Alarm Did Not Ring / 闹钟不响,Magnum 4D 萬能
2090,Consolation,045/96,1996-04-14,Sun,萬能,BAR COUNCIL,Damacai 大馬彩
2090,Consolation,045/96,1996-04-14,Sun,萬能,Water torture by Japanese army / 被日军灌水,Sports Toto 多多
2090,Consolation,113/1995,1995-10-29,Sun,山打根馬會,Alarm Did Not Ring / 闹钟不响,Magnum 4D 萬能
2090,Consolation,113/1995,1995-10-29,Sun,山打根馬會,BAR COUNCIL,Damacai 大馬彩
2090,Consolation,113/1995,1995-10-29,Sun,山打根馬會,Water torture by Japanese army / 被日军灌水,Sports Toto 多多
2090,Consolation,056/95,1995-05-10,Wed,萬能,Alarm Did Not Ring / 闹钟不响,Magnum 4D 萬能
2090,Consolation,056/95,1995-05-10,Wed,萬能,BAR COUNCIL,Damacai 大馬彩
2090,Consolation,056/95,1995-05-10,Wed,萬能,Water torture by Japanese army / 被日军灌水,Sports Toto 多多
2090,Consolation,133/94,1994-11-05,Sat,萬能,Alarm Did Not Ring / 闹钟不响,Magnum 4D 萬能
2090,Consolation,133/94,1994-11-05,Sat,萬能,BAR COUNCIL,Damacai 大馬彩
2090,Consolation,133/94,1994-11-05,Sat,萬能,Water torture by Japanese army / 被日军灌水,Sports Toto 多多
2090,Special,637/93,1993-10-24,Sun,多多,Alarm Did Not Ring / 闹钟不响,Magnum 4D 萬能
2090,Special,637/93,1993-10-24,Sun,多多,BAR COUNCIL,Damacai 大馬彩
2090,Special,637/93,1993-10-24,Sun,多多,Water torture by Japanese army / 被日军灌水,Sports Toto 多多
2090,Consolation,D19930717,1993-07-17,Sat,星池,Alarm Did Not Ring / 闹钟不响,Magnum 4D 萬能
2090,Consolation,D19930717,1993-07-17,Sat,星池,BAR COUNCIL,Damacai 大馬彩
2090,Consolation,D19930717,1993-07-17,Sat,星池,Water torture by Japanese army / 被日军灌水,Sports Toto 多多
2090,Consolation,018/91,1991-02-11,Mon,萬能,Alarm Did Not Ring / 闹钟不响,Magnum 4D 萬能
2090,Consolation,018/91,1991-02-11,Mon,萬能,BAR COUNCIL,Damacai 大馬彩
2090,Consolation,018/91,1991-02-11,Mon,萬能,Water torture by Japanese army / 被日军灌水,Sports Toto 多多
2090,Special,0142/90,1990-12-26,Wed,大馬彩,Alarm Did Not Ring / 闹钟不响,Magnum 4D 萬能
2090,Special,0142/90,1990-12-26,Wed,大馬彩,BAR COUNCIL,Damacai 大馬彩
2090,Special,0142/90,1990-12-26,Wed,大馬彩,Water torture by Japanese army / 被日军灌水,Sports Toto 多多
2090,Special,035/88,1988-03-21,Mon,萬能,Alarm Did Not Ring / 闹钟不响,Magnum 4D 萬能
2090,Special,035/88,1988-03-21,Mon,萬能,BAR COUNCIL,Damacai 大馬彩
2090,Special,035/88,1988-03-21,Mon,萬能,Water torture by Japanese army / 被日军灌水,Sports Toto 多多
