开彩日期,开彩日,彩号,秦庄,彩金,抽奖,图译,秦典
2023-10-14,Sat,4347,多多,特别奖,5704/23,Egypt Flag / 埃及旗,Magnum 4D 萬能
2023-10-14,Sat,4347,多多,特别奖,5704/23,ECOLOGIST,Damacai 大馬彩
2023-10-14,Sat,4347,多多,特别奖,5704/23,Old Town / 古城,Sports Toto 多多
2023-07-04,Tue,4347,多多,安慰奖,5659/23,Egypt Flag / 埃及旗,Magnum 4D 萬能
2023-07-04,Tue,4347,多多,安慰奖,5659/23,ECOLOGIST,Damacai 大馬彩
2023-07-04,Tue,4347,多多,安慰奖,5659/23,Old Town / 古城,Sports Toto 多多
2022-11-26,Sat,4347,砂大萬,安慰奖,4715/22,Egypt Flag / 埃及旗,Magnum 4D 萬能
2022-11-26,Sat,4347,砂大萬,安慰奖,4715/22,ECOLOGIST,Damacai 大馬彩
2022-11-26,Sat,4347,砂大萬,安慰奖,4715/22,Old Town / 古城,Sports Toto 多多
2022-11-09,Wed,4347,砂大萬,安慰奖,4706/22,Egypt Flag / 埃及旗,Magnum 4D 萬能
2022-11-09,Wed,4347,砂大萬,安慰奖,4706/22,ECOLOGIST,Damacai 大馬彩
2022-11-09,Wed,4347,砂大萬,安慰奖,4706/22,Old Town / 古城,Sports Toto 多多
2022-02-23,Wed,4347,萬能,安慰奖,659/22,Egypt Flag / 埃及旗,Magnum 4D 萬能
2022-02-23,Wed,4347,萬能,安慰奖,659/22,ECOLOGIST,Damacai 大馬彩
2022-02-23,Wed,4347,萬能,安慰奖,659/22,Old Town / 古城,Sports Toto 多多
2021-05-08,Sat,4347,多多,特别奖,5280/21,Egypt Flag / 埃及旗,Magnum 4D 萬能
2021-05-08,Sat,4347,多多,特别奖,5280/21,ECOLOGIST,Damacai 大馬彩
2021-05-08,Sat,4347,多多,特别奖,5280/21,Old Town / 古城,Sports Toto 多多
2020-12-12,Sat,4347,山打根馬會,安慰奖,112/20,Egypt Flag / 埃及旗,Magnum 4D 萬能
2020-12-12,Sat,4347,山打根馬會,安慰奖,112/20,ECOLOGIST,Damacai 大馬彩
2020-12-12,Sat,4347,山打根馬會,安慰奖,112/20,Old Town / 古城,Sports Toto 多多
2019-11-05,Tue,4347,萬能,特别奖,263/19,Egypt Flag / 埃及旗,Magnum 4D 萬能
2019-11-05,Tue,4347,萬能,特别奖,263/19,ECOLOGIST,Damacai 大馬彩
2019-11-05,Tue,4347,萬能,特别奖,263/19,Old Town / 古城,Sports Toto 多多
2019-07-30,Tue,4347,多多,特别奖,4981/19,Egypt Flag / 埃及旗,Magnum 4D 萬能
2019-07-30,Tue,4347,多多,特别奖,4981/19,ECOLOGIST,Damacai 大馬彩
2019-07-30,Tue,4347,多多,特别奖,4981/19,Old Town / 古城,Sports Toto 多多
2019-06-19,Wed,4347,沙巴彩,二奖,3029/19,Egypt Flag / 埃及旗,Magnum 4D 萬能
2019-06-19,Wed,4347,沙巴彩,二奖,3029/19,ECOLOGIST,Damacai 大馬彩
2019-06-19,Wed,4347,沙巴彩,二奖,3029/19,Old Town / 古城,Sports Toto 多多
2019-06-16,Sun,4347,多多,安慰奖,4961/19,Egypt Flag / 埃及旗,Magnum 4D 萬能
2019-06-16,Sun,4347,多多,安慰奖,4961/19,ECOLOGIST,Damacai 大馬彩
2019-06-16,Sun,4347,多多,安慰奖,4961/19,Old Town / 古城,Sports Toto 多多
2019-02-27,Wed,4347,多多,特别奖,4913/19,Egypt Flag / 埃及旗,Magnum 4D 萬能
2019-02-27,Wed,4347,多多,特别奖,4913/19,ECOLOGIST,Damacai 大馬彩
2019-02-27,Wed,4347,多多,特别奖,4913/19,Old Town / 古城,Sports Toto 多多
2018-11-25,Sun,4347,山打根馬會,首奖,160/18,Egypt Flag / 埃及旗,Magnum 4D 萬能
2018-11-25,Sun,4347,山打根馬會,首奖,160/18,ECOLOGIST,Damacai 大馬彩
2018-11-25,Sun,4347,山打根馬會,首奖,160/18,Old Town / 古城,Sports Toto 多多
2018-05-02,Wed,4347,山打根馬會,安慰奖,061/18,Egypt Flag / 埃及旗,Magnum 4D 萬能
2018-05-02,Wed,4347,山打根馬會,安慰奖,061/18,ECOLOGIST,Damacai 大馬彩
2018-05-02,Wed,4347,山打根馬會,安慰奖,061/18,Old Town / 古城,Sports Toto 多多
2018-02-24,Sat,4347,大馬彩,特别奖,4682/18,Egypt Flag / 埃及旗,Magnum 4D 萬能
2018-02-24,Sat,4347,大馬彩,特别奖,4682/18,ECOLOGIST,Damacai 大馬彩
2018-02-24,Sat,4347,大馬彩,特别奖,4682/18,Old Town / 古城,Sports Toto 多多
2017-11-22,Wed,4347,砂大萬,特别奖,3846/17,Egypt Flag / 埃及旗,Magnum 4D 萬能
2017-11-22,Wed,4347,砂大萬,特别奖,3846/17,ECOLOGIST,Damacai 大馬彩
2017-11-22,Wed,4347,砂大萬,特别奖,3846/17,Old Town / 古城,Sports Toto 多多
2017-03-22,Wed,4347,山打根馬會,安慰奖,041/17,Egypt Flag / 埃及旗,Magnum 4D 萬能
2017-03-22,Wed,4347,山打根馬會,安慰奖,041/17,ECOLOGIST,Damacai 大馬彩
2017-03-22,Wed,4347,山打根馬會,安慰奖,041/17,Old Town / 古城,Sports Toto 多多
2016-11-27,Sun,4347,山打根馬會,安慰奖,163/16,Egypt Flag / 埃及旗,Magnum 4D 萬能
2016-11-27,Sun,4347,山打根馬會,安慰奖,163/16,ECOLOGIST,Damacai 大馬彩
2016-11-27,Sun,4347,山打根馬會,安慰奖,163/16,Old Town / 古城,Sports Toto 多多
2016-01-30,Sat,4347,砂大萬,特别奖,3523/16,Egypt Flag / 埃及旗,Magnum 4D 萬能
2016-01-30,Sat,4347,砂大萬,特别奖,3523/16,ECOLOGIST,Damacai 大馬彩
2016-01-30,Sat,4347,砂大萬,特别奖,3523/16,Old Town / 古城,Sports Toto 多多
2015-12-19,Sat,4347,沙巴彩,特别奖,2408/15,Egypt Flag / 埃及旗,Magnum 4D 萬能
2015-12-19,Sat,4347,沙巴彩,特别奖,2408/15,ECOLOGIST,Damacai 大馬彩
2015-12-19,Sat,4347,沙巴彩,特别奖,2408/15,Old Town / 古城,Sports Toto 多多
2015-02-25,Wed,4347,山打根馬會,安慰奖,30/15,Egypt Flag / 埃及旗,Magnum 4D 萬能
2015-02-25,Wed,4347,山打根馬會,安慰奖,30/15,ECOLOGIST,Damacai 大馬彩
2015-02-25,Wed,4347,山打根馬會,安慰奖,30/15,Old Town / 古城,Sports Toto 多多
2014-11-12,Wed,4347,星池,安慰奖,3715,Egypt Flag / 埃及旗,Magnum 4D 萬能
2014-11-12,Wed,4347,星池,安慰奖,3715,ECOLOGIST,Damacai 大馬彩
2014-11-12,Wed,4347,星池,安慰奖,3715,Old Town / 古城,Sports Toto 多多
2013-12-03,Tue,4347,山打根馬會,安慰奖,165/13,Egypt Flag / 埃及旗,Magnum 4D 萬能
2013-12-03,Tue,4347,山打根馬會,安慰奖,165/13,ECOLOGIST,Damacai 大馬彩
2013-12-03,Tue,4347,山打根馬會,安慰奖,165/13,Old Town / 古城,Sports Toto 多多
2013-10-12,Sat,4347,萬能,安慰奖,176/13,Egypt Flag / 埃及旗,Magnum 4D 萬能
2013-10-12,Sat,4347,萬能,安慰奖,176/13,ECOLOGIST,Damacai 大馬彩
2013-10-12,Sat,4347,萬能,安慰奖,176/13,Old Town / 古城,Sports Toto 多多
2013-08-17,Sat,4347,星池,特别奖,3521,Egypt Flag / 埃及旗,Magnum 4D 萬能
2013-08-17,Sat,4347,星池,特别奖,3521,ECOLOGIST,Damacai 大馬彩
2013-08-17,Sat,4347,星池,特别奖,3521,Old Town / 古城,Sports Toto 多多
2013-07-17,Wed,4347,萬能,安慰奖,135/13,Egypt Flag / 埃及旗,Magnum 4D 萬能
2013-07-17,Wed,4347,萬能,安慰奖,135/13,ECOLOGIST,Damacai 大馬彩
2013-07-17,Wed,4347,萬能,安慰奖,135/13,Old Town / 古城,Sports Toto 多多
2013-04-13,Sat,4347,萬能,安慰奖,089/13,Egypt Flag / 埃及旗,Magnum 4D 萬能
2013-04-13,Sat,4347,萬能,安慰奖,089/13,ECOLOGIST,Damacai 大馬彩
2013-04-13,Sat,4347,萬能,安慰奖,089/13,Old Town / 古城,Sports Toto 多多
2013-03-10,Sun,4347,多多,安慰奖,3850/13,Egypt Flag / 埃及旗,Magnum 4D 萬能
2013-03-10,Sun,4347,多多,安慰奖,3850/13,ECOLOGIST,Damacai 大馬彩
2013-03-10,Sun,4347,多多,安慰奖,3850/13,Old Town / 古城,Sports Toto 多多
2012-09-01,Sat,4347,萬能,安慰奖,976/12,Egypt Flag / 埃及旗,Magnum 4D 萬能
2012-09-01,Sat,4347,萬能,安慰奖,976/12,ECOLOGIST,Damacai 大馬彩
2012-09-01,Sat,4347,萬能,安慰奖,976/12,Old Town / 古城,Sports Toto 多多
2012-05-08,Tue,4347,山打根馬會,二奖,65/12,Egypt Flag / 埃及旗,Magnum 4D 萬能
2012-05-08,Tue,4347,山打根馬會,二奖,65/12,ECOLOGIST,Damacai 大馬彩
2012-05-08,Tue,4347,山打根馬會,二奖,65/12,Old Town / 古城,Sports Toto 多多
2011-12-21,Wed,4347,山打根馬會,安慰奖,172/11,Egypt Flag / 埃及旗,Magnum 4D 萬能
2011-12-21,Wed,4347,山打根馬會,安慰奖,172/11,ECOLOGIST,Damacai 大馬彩
2011-12-21,Wed,4347,山打根馬會,安慰奖,172/11,Old Town / 古城,Sports Toto 多多
2011-02-16,Wed,4347,星池,特别奖,3130/2011,Egypt Flag / 埃及旗,Magnum 4D 萬能
2011-02-16,Wed,4347,星池,特别奖,3130/2011,ECOLOGIST,Damacai 大馬彩
2011-02-16,Wed,4347,星池,特别奖,3130/2011,Old Town / 古城,Sports Toto 多多
2010-11-07,Sun,4347,山打根馬會,特别奖,152/10,Egypt Flag / 埃及旗,Magnum 4D 萬能
2010-11-07,Sun,4347,山打根馬會,特别奖,152/10,ECOLOGIST,Damacai 大馬彩
2010-11-07,Sun,4347,山打根馬會,特别奖,152/10,Old Town / 古城,Sports Toto 多多
2010-10-05,Tue,4347,大馬彩,安慰奖,3364/10,Egypt Flag / 埃及旗,Magnum 4D 萬能
2010-10-05,Tue,4347,大馬彩,安慰奖,3364/10,ECOLOGIST,Damacai 大馬彩
2010-10-05,Tue,4347,大馬彩,安慰奖,3364/10,Old Town / 古城,Sports Toto 多多
2010-07-24,Sat,4347,山打根馬會,特别奖,100/10,Egypt Flag / 埃及旗,Magnum 4D 萬能
2010-07-24,Sat,4347,山打根馬會,特别奖,100/10,ECOLOGIST,Damacai 大馬彩
2010-07-24,Sat,4347,山打根馬會,特别奖,100/10,Old Town / 古城,Sports Toto 多多
2009-11-17,Tue,4347,萬能,安慰奖,483/09,Egypt Flag / 埃及旗,Magnum 4D 萬能
2009-11-17,Tue,4347,萬能,安慰奖,483/09,ECOLOGIST,Damacai 大馬彩
2009-11-17,Tue,4347,萬能,安慰奖,483/09,Old Town / 古城,Sports Toto 多多
2009-05-31,Sun,4347,大馬彩,三奖,3125/09,Egypt Flag / 埃及旗,Magnum 4D 萬能
2009-05-31,Sun,4347,大馬彩,三奖,3125/09,ECOLOGIST,Damacai 大馬彩
2009-05-31,Sun,4347,大馬彩,三奖,3125/09,Old Town / 古城,Sports Toto 多多
2008-09-20,Sat,4347,星池,特别奖,2753/2008,Egypt Flag / 埃及旗,Magnum 4D 萬能
2008-09-20,Sat,4347,星池,特别奖,2753/2008,ECOLOGIST,Damacai 大馬彩
2008-09-20,Sat,4347,星池,特别奖,2753/2008,Old Town / 古城,Sports Toto 多多
2008-08-27,Wed,4347,砂大萬,特别奖,2209/08,Egypt Flag / 埃及旗,Magnum 4D 萬能
2008-08-27,Wed,4347,砂大萬,特别奖,2209/08,ECOLOGIST,Damacai 大馬彩
2008-08-27,Wed,4347,砂大萬,特别奖,2209/08,Old Town / 古城,Sports Toto 多多
2008-02-13,Wed,4347,萬能,特别奖,188/08,Egypt Flag / 埃及旗,Magnum 4D 萬能
2008-02-13,Wed,4347,萬能,特别奖,188/08,ECOLOGIST,Damacai 大馬彩
2008-02-13,Wed,4347,萬能,特别奖,188/08,Old Town / 古城,Sports Toto 多多
2008-01-09,Wed,4347,多多,安慰奖,2950/08,Egypt Flag / 埃及旗,Magnum 4D 萬能
2008-01-09,Wed,4347,多多,安慰奖,2950/08,ECOLOGIST,Damacai 大馬彩
2008-01-09,Wed,4347,多多,安慰奖,2950/08,Old Town / 古城,Sports Toto 多多
2007-05-19,Sat,4347,山打根馬會,首奖,63/07,Egypt Flag / 埃及旗,Magnum 4D 萬能
2007-05-19,Sat,4347,山打根馬會,首奖,63/07,ECOLOGIST,Damacai 大馬彩
2007-05-19,Sat,4347,山打根馬會,首奖,63/07,Old Town / 古城,Sports Toto 多多
2007-01-14,Sun,4347,沙巴彩,特别奖,849/07,Egypt Flag / 埃及旗,Magnum 4D 萬能
2007-01-14,Sun,4347,沙巴彩,特别奖,849/07,ECOLOGIST,Damacai 大馬彩
2007-01-14,Sun,4347,沙巴彩,特别奖,849/07,Old Town / 古城,Sports Toto 多多
2006-08-05,Sat,4347,星池,首奖,2420/2006,Egypt Flag / 埃及旗,Magnum 4D 萬能
2006-08-05,Sat,4347,星池,首奖,2420/2006,ECOLOGIST,Damacai 大馬彩
2006-08-05,Sat,4347,星池,首奖,2420/2006,Old Town / 古城,Sports Toto 多多
2006-07-09,Sun,4347,沙巴彩,特别奖,765/06,Egypt Flag / 埃及旗,Magnum 4D 萬能
2006-07-09,Sun,4347,沙巴彩,特别奖,765/06,ECOLOGIST,Damacai 大馬彩
2006-07-09,Sun,4347,沙巴彩,特别奖,765/06,Old Town / 古城,Sports Toto 多多
2005-02-26,Sat,4347,大馬彩,安慰奖,2411/05,Egypt Flag / 埃及旗,Magnum 4D 萬能
2005-02-26,Sat,4347,大馬彩,安慰奖,2411/05,ECOLOGIST,Damacai 大馬彩
2005-02-26,Sat,4347,大馬彩,安慰奖,2411/05,Old Town / 古城,Sports Toto 多多
2004-08-25,Wed,4347,山打根馬會,安慰奖,104/04,Egypt Flag / 埃及旗,Magnum 4D 萬能
2004-08-25,Wed,4347,山打根馬會,安慰奖,104/04,ECOLOGIST,Damacai 大馬彩
2004-08-25,Wed,4347,山打根馬會,安慰奖,104/04,Old Town / 古城,Sports Toto 多多
2004-04-17,Sat,4347,山打根馬會,三奖,046/04,Egypt Flag / 埃及旗,Magnum 4D 萬能
2004-04-17,Sat,4347,山打根馬會,三奖,046/04,ECOLOGIST,Damacai 大馬彩
2004-04-17,Sat,4347,山打根馬會,三奖,046/04,Old Town / 古城,Sports Toto 多多
2003-11-30,Sun,4347,沙巴彩,特别奖,324/03,Egypt Flag / 埃及旗,Magnum 4D 萬能
2003-11-30,Sun,4347,沙巴彩,特别奖,324/03,ECOLOGIST,Damacai 大馬彩
2003-11-30,Sun,4347,沙巴彩,特别奖,324/03,Old Town / 古城,Sports Toto 多多
2003-10-12,Sun,4347,星池,安慰奖,1980/2003,Egypt Flag / 埃及旗,Magnum 4D 萬能
2003-10-12,Sun,4347,星池,安慰奖,1980/2003,ECOLOGIST,Damacai 大馬彩
2003-10-12,Sun,4347,星池,安慰奖,1980/2003,Old Town / 古城,Sports Toto 多多
2002-08-06,Tue,4347,多多,安慰奖,2038/02,Egypt Flag / 埃及旗,Magnum 4D 萬能
2002-08-06,Tue,4347,多多,安慰奖,2038/02,ECOLOGIST,Damacai 大馬彩
2002-08-06,Tue,4347,多多,安慰奖,2038/02,Old Town / 古城,Sports Toto 多多
2002-08-04,Sun,4347,山打根馬會,安慰奖,99/02,Egypt Flag / 埃及旗,Magnum 4D 萬能
2002-08-04,Sun,4347,山打根馬會,安慰奖,99/02,ECOLOGIST,Damacai 大馬彩
2002-08-04,Sun,4347,山打根馬會,安慰奖,99/02,Old Town / 古城,Sports Toto 多多
2002-07-17,Wed,4347,多多,特别奖,2029/02,Egypt Flag / 埃及旗,Magnum 4D 萬能
2002-07-17,Wed,4347,多多,特别奖,2029/02,ECOLOGIST,Damacai 大馬彩
2002-07-17,Wed,4347,多多,特别奖,2029/02,Old Town / 古城,Sports Toto 多多
2001-05-26,Sat,4347,砂大萬,特别奖,1001/01,Egypt Flag / 埃及旗,Magnum 4D 萬能
2001-05-26,Sat,4347,砂大萬,特别奖,1001/01,ECOLOGIST,Damacai 大馬彩
2001-05-26,Sat,4347,砂大萬,特别奖,1001/01,Old Town / 古城,Sports Toto 多多
2000-01-23,Sun,4347,萬能,特别奖,011/00,Egypt Flag / 埃及旗,Magnum 4D 萬能
2000-01-23,Sun,4347,萬能,特别奖,011/00,ECOLOGIST,Damacai 大馬彩
2000-01-23,Sun,4347,萬能,特别奖,011/00,Old Town / 古城,Sports Toto 多多
1999-12-19,Sun,4347,山打根馬會,安慰奖,160/1999,Egypt Flag / 埃及旗,Magnum 4D 萬能
1999-12-19,Sun,4347,山打根馬會,安慰奖,160/1999,ECOLOGIST,Damacai 大馬彩
1999-12-19,Sun,4347,山打根馬會,安慰奖,160/1999,Old Town / 古城,Sports Toto 多多
1999-05-02,Sun,4347,山打根馬會,安慰奖,55/1999,Egypt Flag / 埃及旗,Magnum 4D 萬能
1999-05-02,Sun,4347,山打根馬會,安慰奖,55/1999,ECOLOGIST,Damacai 大馬彩
1999-05-02,Sun,4347,山打根馬會,安慰奖,55/1999,Old Town / 古城,Sports Toto 多多
1999-02-20,Sat,4347,大馬彩,特别奖,1420/99,Egypt Flag / 埃及旗,Magnum 4D 萬能
1999-02-20,Sat,4347,大馬彩,特别奖,1420/99,ECOLOGIST,Damacai 大馬彩
1999-02-20,Sat,4347,大馬彩,特别奖,1420/99,Old Town / 古城,Sports Toto 多多
1998-02-15,Sun,4347,砂大萬,首奖,0471/98,Egypt Flag / 埃及旗,Magnum 4D 萬能
1998-02-15,Sun,4347,砂大萬,首奖,0471/98,ECOLOGIST,Damacai 大馬彩
1998-02-15,Sun,4347,砂大萬,首奖,0471/98,Old Town / 古城,Sports Toto 多多
1998-01-07,Wed,4347,山打根馬會,安慰奖,3/1998,Egypt Flag / 埃及旗,Magnum 4D 萬能
1998-01-07,Wed,4347,山打根馬會,安慰奖,3/1998,ECOLOGIST,Damacai 大馬彩
1998-01-07,Wed,4347,山打根馬會,安慰奖,3/1998,Old Town / 古城,Sports Toto 多多
1997-10-04,Sat,4347,萬能,安慰奖,119/97,Egypt Flag / 埃及旗,Magnum 4D 萬能
1997-10-04,Sat,4347,萬能,安慰奖,119/97,ECOLOGIST,Damacai 大馬彩
1997-10-04,Sat,4347,萬能,安慰奖,119/97,Old Town / 古城,Sports Toto 多多
1996-05-29,Wed,4347,砂大萬,特别奖,0202/96,Egypt Flag / 埃及旗,Magnum 4D 萬能
1996-05-29,Wed,4347,砂大萬,特别奖,0202/96,ECOLOGIST,Damacai 大馬彩
1996-05-29,Wed,4347,砂大萬,特别奖,0202/96,Old Town / 古城,Sports Toto 多多
1996-03-20,Wed,4347,萬能,特别奖,034/96,Egypt Flag / 埃及旗,Magnum 4D 萬能
1996-03-20,Wed,4347,萬能,特别奖,034/96,ECOLOGIST,Damacai 大馬彩
1996-03-20,Wed,4347,萬能,特别奖,034/96,Old Town / 古城,Sports Toto 多多
1996-03-10,Sun,4347,大馬彩,特别奖,0957/96,Egypt Flag / 埃及旗,Magnum 4D 萬能
1996-03-10,Sun,4347,大馬彩,特别奖,0957/96,ECOLOGIST,Damacai 大馬彩
1996-03-10,Sun,4347,大馬彩,特别奖,0957/96,Old Town / 古城,Sports Toto 多多
1994-11-09,Wed,4347,萬能,特别奖,135/94,Egypt Flag / 埃及旗,Magnum 4D 萬能
1994-11-09,Wed,4347,萬能,特别奖,135/94,ECOLOGIST,Damacai 大馬彩
1994-11-09,Wed,4347,萬能,特别奖,135/94,Old Town / 古城,Sports Toto 多多
1993-05-31,Mon,4347,萬能,特别奖,065/93,Egypt Flag / 埃及旗,Magnum 4D 萬能
1993-05-31,Mon,4347,萬能,特别奖,065/93,ECOLOGIST,Damacai 大馬彩
1993-05-31,Mon,4347,萬能,特别奖,065/93,Old Town / 古城,Sports Toto 多多
1991-05-02,Thu,4347,萬能,特别奖,052/91,Egypt Flag / 埃及旗,Magnum 4D 萬能
1991-05-02,Thu,4347,萬能,特别奖,052/91,ECOLOGIST,Damacai 大馬彩
1991-05-02,Thu,4347,萬能,特别奖,052/91,Old Town / 古城,Sports Toto 多多
1990-03-01,Thu,4347,萬能,安慰奖,026/90,Egypt Flag / 埃及旗,Magnum 4D 萬能
1990-03-01,Thu,4347,萬能,安慰奖,026/90,ECOLOGIST,Damacai 大馬彩
1990-03-01,Thu,4347,萬能,安慰奖,026/90,Old Town / 古城,Sports Toto 多多
1987-10-31,Sat,4347,星池,安慰奖,D19871031,Egypt Flag / 埃及旗,Magnum 4D 萬能
1987-10-31,Sat,4347,星池,安慰奖,D19871031,ECOLOGIST,Damacai 大馬彩
1987-10-31,Sat,4347,星池,安慰奖,D19871031,Old Town / 古城,Sports Toto 多多
1987-07-19,Sun,4347,萬能,特别奖,087/87,Egypt Flag / 埃及旗,Magnum 4D 萬能
1987-07-19,Sun,4347,萬能,特别奖,087/87,ECOLOGIST,Damacai 大馬彩
1987-07-19,Sun,4347,萬能,特别奖,087/87,Old Town / 古城,Sports Toto 多多
1986-04-27,Sun,4347,萬能,安慰奖,051/86,Egypt Flag / 埃及旗,Magnum 4D 萬能
1986-04-27,Sun,4347,萬能,安慰奖,051/86,ECOLOGIST,Damacai 大馬彩
1986-04-27,Sun,4347,萬能,安慰奖,051/86,Old Town / 古城,Sports Toto 多多
