开彩日期,开彩日,彩号,秦庄,彩金,抽奖,图译,秦典
2024-06-23,Sun,849,山打根馬會,二奖,079/24,Chicken Mating / 鸡交配,Magnum 4D 萬能
2024-06-23,Sun,849,山打根馬會,二奖,079/24,LIVER,Damacai 大馬彩
2024-06-23,Sun,849,山打根馬會,二奖,079/24,Liver / 肝,Sports Toto 多多
2024-03-31,Sun,849,大馬彩,安慰奖,5729/24,Chicken Mating / 鸡交配,Magnum 4D 萬能
2024-03-31,Sun,849,大馬彩,安慰奖,5729/24,LIVER,Damacai 大馬彩
2024-03-31,Sun,849,大馬彩,安慰奖,5729/24,Liver / 肝,Sports Toto 多多
2024-02-21,Wed,849,萬能,三奖,001/24,Chicken Mating / 鸡交配,Magnum 4D 萬能
2024-02-21,Wed,849,萬能,三奖,001/24,LIVER,Damacai 大馬彩
2024-02-21,Wed,849,萬能,三奖,001/24,Liver / 肝,Sports Toto 多多
2023-10-29,Sun,849,萬能,安慰奖,947/23,Chicken Mating / 鸡交配,Magnum 4D 萬能
2023-10-29,Sun,849,萬能,安慰奖,947/23,LIVER,Damacai 大馬彩
2023-10-29,Sun,849,萬能,安慰奖,947/23,Liver / 肝,Sports Toto 多多
2023-09-10,Sun,849,星池,特别奖,5064,Chicken Mating / 鸡交配,Magnum 4D 萬能
2023-09-10,Sun,849,星池,特别奖,5064,LIVER,Damacai 大馬彩
2023-09-10,Sun,849,星池,特别奖,5064,Liver / 肝,Sports Toto 多多
2022-09-25,Sun,849,沙巴彩,特别奖,3591/22,Chicken Mating / 鸡交配,Magnum 4D 萬能
2022-09-25,Sun,849,沙巴彩,特别奖,3591/22,LIVER,Damacai 大馬彩
2022-09-25,Sun,849,沙巴彩,特别奖,3591/22,Liver / 肝,Sports Toto 多多
2022-09-11,Sun,849,大馬彩,安慰奖,5466/22,Chicken Mating / 鸡交配,Magnum 4D 萬能
2022-09-11,Sun,849,大馬彩,安慰奖,5466/22,LIVER,Damacai 大馬彩
2022-09-11,Sun,849,大馬彩,安慰奖,5466/22,Liver / 肝,Sports Toto 多多
2022-07-24,Sun,849,大馬彩,特别奖,5440/22,Chicken Mating / 鸡交配,Magnum 4D 萬能
2022-07-24,Sun,849,大馬彩,特别奖,5440/22,LIVER,Damacai 大馬彩
2022-07-24,Sun,849,大馬彩,特别奖,5440/22,Liver / 肝,Sports Toto 多多
2022-05-01,Sun,849,萬能,安慰奖,689/22,Chicken Mating / 鸡交配,Magnum 4D 萬能
2022-05-01,Sun,849,萬能,安慰奖,689/22,LIVER,Damacai 大馬彩
2022-05-01,Sun,849,萬能,安慰奖,689/22,Liver / 肝,Sports Toto 多多
2021-11-13,Sat,849,山打根馬會,特别奖,093/21,Chicken Mating / 鸡交配,Magnum 4D 萬能
2021-11-13,Sat,849,山打根馬會,特别奖,093/21,LIVER,Damacai 大馬彩
2021-11-13,Sat,849,山打根馬會,特别奖,093/21,Liver / 肝,Sports Toto 多多
2021-03-07,Sun,849,大馬彩,安慰奖,5199/21,Chicken Mating / 鸡交配,Magnum 4D 萬能
2021-03-07,Sun,849,大馬彩,安慰奖,5199/21,LIVER,Damacai 大馬彩
2021-03-07,Sun,849,大馬彩,安慰奖,5199/21,Liver / 肝,Sports Toto 多多
2020-11-04,Wed,849,大馬彩,特别奖,5140/20,Chicken Mating / 鸡交配,Magnum 4D 萬能
2020-11-04,Wed,849,大馬彩,特别奖,5140/20,LIVER,Damacai 大馬彩
2020-11-04,Wed,849,大馬彩,特别奖,5140/20,Liver / 肝,Sports Toto 多多
2020-10-11,Sun,849,萬能,特别奖,417/20,Chicken Mating / 鸡交配,Magnum 4D 萬能
2020-10-11,Sun,849,萬能,特别奖,417/20,LIVER,Damacai 大馬彩
2020-10-11,Sun,849,萬能,特别奖,417/20,Liver / 肝,Sports Toto 多多
2020-07-01,Wed,849,山打根馬會,安慰奖,043/20,Chicken Mating / 鸡交配,Magnum 4D 萬能
2020-07-01,Wed,849,山打根馬會,安慰奖,043/20,LIVER,Damacai 大馬彩
2020-07-01,Wed,849,山打根馬會,安慰奖,043/20,Liver / 肝,Sports Toto 多多
2020-02-15,Sat,849,沙巴彩,安慰奖,3141/20,Chicken Mating / 鸡交配,Magnum 4D 萬能
2020-02-15,Sat,849,沙巴彩,安慰奖,3141/20,LIVER,Damacai 大馬彩
2020-02-15,Sat,849,沙巴彩,安慰奖,3141/20,Liver / 肝,Sports Toto 多多
2019-12-08,Sun,849,山打根馬會,安慰奖,158/19,Chicken Mating / 鸡交配,Magnum 4D 萬能
2019-12-08,Sun,849,山打根馬會,安慰奖,158/19,LIVER,Damacai 大馬彩
2019-12-08,Sun,849,山打根馬會,安慰奖,158/19,Liver / 肝,Sports Toto 多多
2018-12-19,Wed,849,多多,特别奖,4879/18,Chicken Mating / 鸡交配,Magnum 4D 萬能
2018-12-19,Wed,849,多多,特别奖,4879/18,LIVER,Damacai 大馬彩
2018-12-19,Wed,849,多多,特别奖,4879/18,Liver / 肝,Sports Toto 多多
2018-05-13,Sun,849,沙巴彩,安慰奖,2839/18,Chicken Mating / 鸡交配,Magnum 4D 萬能
2018-05-13,Sun,849,沙巴彩,安慰奖,2839/18,LIVER,Damacai 大馬彩
2018-05-13,Sun,849,沙巴彩,安慰奖,2839/18,Liver / 肝,Sports Toto 多多
2018-01-28,Sun,849,砂大萬,特别奖,3879/18,Chicken Mating / 鸡交配,Magnum 4D 萬能
2018-01-28,Sun,849,砂大萬,特别奖,3879/18,LIVER,Damacai 大馬彩
2018-01-28,Sun,849,砂大萬,特别奖,3879/18,Liver / 肝,Sports Toto 多多
2017-06-24,Sat,849,大馬彩,特别奖,4560/17,Chicken Mating / 鸡交配,Magnum 4D 萬能
2017-06-24,Sat,849,大馬彩,特别奖,4560/17,LIVER,Damacai 大馬彩
2017-06-24,Sat,849,大馬彩,特别奖,4560/17,Liver / 肝,Sports Toto 多多
2017-04-30,Sun,849,萬能,特别奖,818/17,Chicken Mating / 鸡交配,Magnum 4D 萬能
2017-04-30,Sun,849,萬能,特别奖,818/17,LIVER,Damacai 大馬彩
2017-04-30,Sun,849,萬能,特别奖,818/17,Liver / 肝,Sports Toto 多多
2017-04-16,Sun,849,山打根馬會,安慰奖,054/17,Chicken Mating / 鸡交配,Magnum 4D 萬能
2017-04-16,Sun,849,山打根馬會,安慰奖,054/17,LIVER,Damacai 大馬彩
2017-04-16,Sun,849,山打根馬會,安慰奖,054/17,Liver / 肝,Sports Toto 多多
2016-04-09,Sat,849,多多,安慰奖,4400/16,Chicken Mating / 鸡交配,Magnum 4D 萬能
2016-04-09,Sat,849,多多,安慰奖,4400/16,LIVER,Damacai 大馬彩
2016-04-09,Sat,849,多多,安慰奖,4400/16,Liver / 肝,Sports Toto 多多
2014-12-30,Tue,849,大馬彩,安慰奖,4117/14,Chicken Mating / 鸡交配,Magnum 4D 萬能
2014-12-30,Tue,849,大馬彩,安慰奖,4117/14,LIVER,Damacai 大馬彩
2014-12-30,Tue,849,大馬彩,安慰奖,4117/14,Liver / 肝,Sports Toto 多多
2014-07-27,Sun,849,星池,特别奖,3669,Chicken Mating / 鸡交配,Magnum 4D 萬能
2014-07-27,Sun,849,星池,特别奖,3669,LIVER,Damacai 大馬彩
2014-07-27,Sun,849,星池,特别奖,3669,Liver / 肝,Sports Toto 多多
2014-06-29,Sun,849,沙巴彩,特别奖,2150/14,Chicken Mating / 鸡交配,Magnum 4D 萬能
2014-06-29,Sun,849,沙巴彩,特别奖,2150/14,LIVER,Damacai 大馬彩
2014-06-29,Sun,849,沙巴彩,特别奖,2150/14,Liver / 肝,Sports Toto 多多
2013-08-21,Wed,849,多多,特别奖,3928/13,Chicken Mating / 鸡交配,Magnum 4D 萬能
2013-08-21,Wed,849,多多,特别奖,3928/13,LIVER,Damacai 大馬彩
2013-08-21,Wed,849,多多,特别奖,3928/13,Liver / 肝,Sports Toto 多多
2013-04-30,Tue,849,砂大萬,首奖,3033/13,Chicken Mating / 鸡交配,Magnum 4D 萬能
2013-04-30,Tue,849,砂大萬,首奖,3033/13,LIVER,Damacai 大馬彩
2013-04-30,Tue,849,砂大萬,首奖,3033/13,Liver / 肝,Sports Toto 多多
2012-01-25,Wed,849,山打根馬會,安慰奖,13/12,Chicken Mating / 鸡交配,Magnum 4D 萬能
2012-01-25,Wed,849,山打根馬會,安慰奖,13/12,LIVER,Damacai 大馬彩
2012-01-25,Wed,849,山打根馬會,安慰奖,13/12,Liver / 肝,Sports Toto 多多
2011-11-26,Sat,849,沙巴彩,特别奖,1683/11,Chicken Mating / 鸡交配,Magnum 4D 萬能
2011-11-26,Sat,849,沙巴彩,特别奖,1683/11,LIVER,Damacai 大馬彩
2011-11-26,Sat,849,沙巴彩,特别奖,1683/11,Liver / 肝,Sports Toto 多多
2011-07-03,Sun,849,砂大萬,特别奖,2708/11,Chicken Mating / 鸡交配,Magnum 4D 萬能
2011-07-03,Sun,849,砂大萬,特别奖,2708/11,LIVER,Damacai 大馬彩
2011-07-03,Sun,849,砂大萬,特别奖,2708/11,Liver / 肝,Sports Toto 多多
2010-11-14,Sun,849,星池,安慰奖,3090/2010,Chicken Mating / 鸡交配,Magnum 4D 萬能
2010-11-14,Sun,849,星池,安慰奖,3090/2010,LIVER,Damacai 大馬彩
2010-11-14,Sun,849,星池,安慰奖,3090/2010,Liver / 肝,Sports Toto 多多
2010-09-26,Sun,849,砂大萬,安慰奖,2571/10,Chicken Mating / 鸡交配,Magnum 4D 萬能
2010-09-26,Sun,849,砂大萬,安慰奖,2571/10,LIVER,Damacai 大馬彩
2010-09-26,Sun,849,砂大萬,安慰奖,2571/10,Liver / 肝,Sports Toto 多多
2010-07-14,Wed,849,多多,二奖,3378/10,Chicken Mating / 鸡交配,Magnum 4D 萬能
2010-07-14,Wed,849,多多,二奖,3378/10,LIVER,Damacai 大馬彩
2010-07-14,Wed,849,多多,二奖,3378/10,Liver / 肝,Sports Toto 多多
2010-05-30,Sun,849,多多,特别奖,3356/10,Chicken Mating / 鸡交配,Magnum 4D 萬能
2010-05-30,Sun,849,多多,特别奖,3356/10,LIVER,Damacai 大馬彩
2010-05-30,Sun,849,多多,特别奖,3356/10,Liver / 肝,Sports Toto 多多
2009-11-22,Sun,849,沙巴彩,特别奖,1329/09,Chicken Mating / 鸡交配,Magnum 4D 萬能
2009-11-22,Sun,849,沙巴彩,特别奖,1329/09,LIVER,Damacai 大馬彩
2009-11-22,Sun,849,沙巴彩,特别奖,1329/09,Liver / 肝,Sports Toto 多多
2009-07-18,Sat,849,多多,安慰奖,3201/09,Chicken Mating / 鸡交配,Magnum 4D 萬能
2009-07-18,Sat,849,多多,安慰奖,3201/09,LIVER,Damacai 大馬彩
2009-07-18,Sat,849,多多,安慰奖,3201/09,Liver / 肝,Sports Toto 多多
2009-05-27,Wed,849,山打根馬會,特别奖,70/09,Chicken Mating / 鸡交配,Magnum 4D 萬能
2009-05-27,Wed,849,山打根馬會,特别奖,70/09,LIVER,Damacai 大馬彩
2009-05-27,Wed,849,山打根馬會,特别奖,70/09,Liver / 肝,Sports Toto 多多
2009-04-08,Wed,849,山打根馬會,特别奖,047/09,Chicken Mating / 鸡交配,Magnum 4D 萬能
2009-04-08,Wed,849,山打根馬會,特别奖,047/09,LIVER,Damacai 大馬彩
2009-04-08,Wed,849,山打根馬會,特别奖,047/09,Liver / 肝,Sports Toto 多多
2008-08-06,Wed,849,山打根馬會,特别奖,97/08,Chicken Mating / 鸡交配,Magnum 4D 萬能
2008-08-06,Wed,849,山打根馬會,特别奖,97/08,LIVER,Damacai 大馬彩
2008-08-06,Wed,849,山打根馬會,特别奖,97/08,Liver / 肝,Sports Toto 多多
2008-04-27,Sun,849,大馬彩,特别奖,2945/08,Chicken Mating / 鸡交配,Magnum 4D 萬能
2008-04-27,Sun,849,大馬彩,特别奖,2945/08,LIVER,Damacai 大馬彩
2008-04-27,Sun,849,大馬彩,特别奖,2945/08,Liver / 肝,Sports Toto 多多
2008-03-08,Sat,849,山打根馬會,特别奖,32/08,Chicken Mating / 鸡交配,Magnum 4D 萬能
2008-03-08,Sat,849,山打根馬會,特别奖,32/08,LIVER,Damacai 大馬彩
2008-03-08,Sat,849,山打根馬會,特别奖,32/08,Liver / 肝,Sports Toto 多多
2007-11-21,Wed,849,沙巴彩,三奖,991/07,Chicken Mating / 鸡交配,Magnum 4D 萬能
2007-11-21,Wed,849,沙巴彩,三奖,991/07,LIVER,Damacai 大馬彩
2007-11-21,Wed,849,沙巴彩,三奖,991/07,Liver / 肝,Sports Toto 多多
2007-09-12,Wed,849,大馬彩,安慰奖,2842/07,Chicken Mating / 鸡交配,Magnum 4D 萬能
2007-09-12,Wed,849,大馬彩,安慰奖,2842/07,LIVER,Damacai 大馬彩
2007-09-12,Wed,849,大馬彩,安慰奖,2842/07,Liver / 肝,Sports Toto 多多
2007-02-04,Sun,849,砂大萬,安慰奖,1954/07,Chicken Mating / 鸡交配,Magnum 4D 萬能
2007-02-04,Sun,849,砂大萬,安慰奖,1954/07,LIVER,Damacai 大馬彩
2007-02-04,Sun,849,砂大萬,安慰奖,1954/07,Liver / 肝,Sports Toto 多多
2006-12-10,Sun,849,大馬彩,首奖,2715/06,Chicken Mating / 鸡交配,Magnum 4D 萬能
2006-12-10,Sun,849,大馬彩,首奖,2715/06,LIVER,Damacai 大馬彩
2006-12-10,Sun,849,大馬彩,首奖,2715/06,Liver / 肝,Sports Toto 多多
2006-09-24,Sun,849,多多,特别奖,2734/06,Chicken Mating / 鸡交配,Magnum 4D 萬能
2006-09-24,Sun,849,多多,特别奖,2734/06,LIVER,Damacai 大馬彩
2006-09-24,Sun,849,多多,特别奖,2734/06,Liver / 肝,Sports Toto 多多
2006-05-20,Sat,849,山打根馬會,安慰奖,66/06,Chicken Mating / 鸡交配,Magnum 4D 萬能
2006-05-20,Sat,849,山打根馬會,安慰奖,66/06,LIVER,Damacai 大馬彩
2006-05-20,Sat,849,山打根馬會,安慰奖,66/06,Liver / 肝,Sports Toto 多多
2006-04-16,Sun,849,沙巴彩,特别奖,726/06,Chicken Mating / 鸡交配,Magnum 4D 萬能
2006-04-16,Sun,849,沙巴彩,特别奖,726/06,LIVER,Damacai 大馬彩
2006-04-16,Sun,849,沙巴彩,特别奖,726/06,Liver / 肝,Sports Toto 多多
2005-06-26,Sun,849,星池,特别奖,2247/2005,Chicken Mating / 鸡交配,Magnum 4D 萬能
2005-06-26,Sun,849,星池,特别奖,2247/2005,LIVER,Damacai 大馬彩
2005-06-26,Sun,849,星池,特别奖,2247/2005,Liver / 肝,Sports Toto 多多
2005-04-30,Sat,849,山打根馬會,安慰奖,59/05,Chicken Mating / 鸡交配,Magnum 4D 萬能
2005-04-30,Sat,849,山打根馬會,安慰奖,59/05,LIVER,Damacai 大馬彩
2005-04-30,Sat,849,山打根馬會,安慰奖,59/05,Liver / 肝,Sports Toto 多多
2005-02-16,Wed,849,多多,特别奖,2459/05,Chicken Mating / 鸡交配,Magnum 4D 萬能
2005-02-16,Wed,849,多多,特别奖,2459/05,LIVER,Damacai 大馬彩
2005-02-16,Wed,849,多多,特别奖,2459/05,Liver / 肝,Sports Toto 多多
2004-12-14,Tue,849,砂大萬,特别奖,1586/04,Chicken Mating / 鸡交配,Magnum 4D 萬能
2004-12-14,Tue,849,砂大萬,特别奖,1586/04,LIVER,Damacai 大馬彩
2004-12-14,Tue,849,砂大萬,特别奖,1586/04,Liver / 肝,Sports Toto 多多
2004-09-11,Sat,849,萬能,安慰奖,109/04,Chicken Mating / 鸡交配,Magnum 4D 萬能
2004-09-11,Sat,849,萬能,安慰奖,109/04,LIVER,Damacai 大馬彩
2004-09-11,Sat,849,萬能,安慰奖,109/04,Liver / 肝,Sports Toto 多多
2004-03-17,Wed,849,多多,安慰奖,2306/04,Chicken Mating / 鸡交配,Magnum 4D 萬能
2004-03-17,Wed,849,多多,安慰奖,2306/04,LIVER,Damacai 大馬彩
2004-03-17,Wed,849,多多,安慰奖,2306/04,Liver / 肝,Sports Toto 多多
2003-04-13,Sun,849,沙巴彩,安慰奖,222/03,Chicken Mating / 鸡交配,Magnum 4D 萬能
2003-04-13,Sun,849,沙巴彩,安慰奖,222/03,LIVER,Damacai 大馬彩
2003-04-13,Sun,849,沙巴彩,安慰奖,222/03,Liver / 肝,Sports Toto 多多
2003-04-09,Wed,849,大馬彩,二奖,2097/03,Chicken Mating / 鸡交配,Magnum 4D 萬能
2003-04-09,Wed,849,大馬彩,二奖,2097/03,LIVER,Damacai 大馬彩
2003-04-09,Wed,849,大馬彩,二奖,2097/03,Liver / 肝,Sports Toto 多多
2003-02-22,Sat,849,大馬彩,安慰奖,2076/03,Chicken Mating / 鸡交配,Magnum 4D 萬能
2003-02-22,Sat,849,大馬彩,安慰奖,2076/03,LIVER,Damacai 大馬彩
2003-02-22,Sat,849,大馬彩,安慰奖,2076/03,Liver / 肝,Sports Toto 多多
2002-12-31,Tue,849,砂大萬,安慰奖,1267/02,Chicken Mating / 鸡交配,Magnum 4D 萬能
2002-12-31,Tue,849,砂大萬,安慰奖,1267/02,LIVER,Damacai 大馬彩
2002-12-31,Tue,849,砂大萬,安慰奖,1267/02,Liver / 肝,Sports Toto 多多
2002-09-15,Sun,849,沙巴彩,特别奖,127/02,Chicken Mating / 鸡交配,Magnum 4D 萬能
2002-09-15,Sun,849,沙巴彩,特别奖,127/02,LIVER,Damacai 大馬彩
2002-09-15,Sun,849,沙巴彩,特别奖,127/02,Liver / 肝,Sports Toto 多多
2002-05-18,Sat,849,砂大萬,特别奖,1164/02,Chicken Mating / 鸡交配,Magnum 4D 萬能
2002-05-18,Sat,849,砂大萬,特别奖,1164/02,LIVER,Damacai 大馬彩
2002-05-18,Sat,849,砂大萬,特别奖,1164/02,Liver / 肝,Sports Toto 多多
2001-04-14,Sat,849,多多,特别奖,1825/01,Chicken Mating / 鸡交配,Magnum 4D 萬能
2001-04-14,Sat,849,多多,特别奖,1825/01,LIVER,Damacai 大馬彩
2001-04-14,Sat,849,多多,特别奖,1825/01,Liver / 肝,Sports Toto 多多
2001-02-21,Wed,849,多多,安慰奖,1802/01,Chicken Mating / 鸡交配,Magnum 4D 萬能
2001-02-21,Wed,849,多多,安慰奖,1802/01,LIVER,Damacai 大馬彩
2001-02-21,Wed,849,多多,安慰奖,1802/01,Liver / 肝,Sports Toto 多多
2001-01-27,Sat,849,萬能,安慰奖,011/01,Chicken Mating / 鸡交配,Magnum 4D 萬能
2001-01-27,Sat,849,萬能,安慰奖,011/01,LIVER,Damacai 大馬彩
2001-01-27,Sat,849,萬能,安慰奖,011/01,Liver / 肝,Sports Toto 多多
2000-08-20,Sun,849,萬能,安慰奖,101/00,Chicken Mating / 鸡交配,Magnum 4D 萬能
2000-08-20,Sun,849,萬能,安慰奖,101/00,LIVER,Damacai 大馬彩
2000-08-20,Sun,849,萬能,安慰奖,101/00,Liver / 肝,Sports Toto 多多
2000-02-16,Wed,849,萬能,安慰奖,021/00,Chicken Mating / 鸡交配,Magnum 4D 萬能
2000-02-16,Wed,849,萬能,安慰奖,021/00,LIVER,Damacai 大馬彩
2000-02-16,Wed,849,萬能,安慰奖,021/00,Liver / 肝,Sports Toto 多多
2000-02-16,Wed,849,多多,特别奖,1637/00,Chicken Mating / 鸡交配,Magnum 4D 萬能
2000-02-16,Wed,849,多多,特别奖,1637/00,LIVER,Damacai 大馬彩
2000-02-16,Wed,849,多多,特别奖,1637/00,Liver / 肝,Sports Toto 多多
1999-12-23,Thu,849,砂大萬,特别奖,0771/99,Chicken Mating / 鸡交配,Magnum 4D 萬能
1999-12-23,Thu,849,砂大萬,特别奖,0771/99,LIVER,Damacai 大馬彩
1999-12-23,Thu,849,砂大萬,特别奖,0771/99,Liver / 肝,Sports Toto 多多
1999-07-10,Sat,849,萬能,安慰奖,082/99,Chicken Mating / 鸡交配,Magnum 4D 萬能
1999-07-10,Sat,849,萬能,安慰奖,082/99,LIVER,Damacai 大馬彩
1999-07-10,Sat,849,萬能,安慰奖,082/99,Liver / 肝,Sports Toto 多多
1999-03-21,Sun,849,大馬彩,安慰奖,1434/99,Chicken Mating / 鸡交配,Magnum 4D 萬能
1999-03-21,Sun,849,大馬彩,安慰奖,1434/99,LIVER,Damacai 大馬彩
1999-03-21,Sun,849,大馬彩,安慰奖,1434/99,Liver / 肝,Sports Toto 多多
1998-10-28,Wed,849,多多,安慰奖,1423/98,Chicken Mating / 鸡交配,Magnum 4D 萬能
1998-10-28,Wed,849,多多,安慰奖,1423/98,LIVER,Damacai 大馬彩
1998-10-28,Wed,849,多多,安慰奖,1423/98,Liver / 肝,Sports Toto 多多
1998-08-22,Sat,849,多多,特别奖,1393/98,Chicken Mating / 鸡交配,Magnum 4D 萬能
1998-08-22,Sat,849,多多,特别奖,1393/98,LIVER,Damacai 大馬彩
1998-08-22,Sat,849,多多,特别奖,1393/98,Liver / 肝,Sports Toto 多多
1998-08-05,Wed,849,萬能,安慰奖,093/98,Chicken Mating / 鸡交配,Magnum 4D 萬能
1998-08-05,Wed,849,萬能,安慰奖,093/98,LIVER,Damacai 大馬彩
1998-08-05,Wed,849,萬能,安慰奖,093/98,Liver / 肝,Sports Toto 多多
1998-07-29,Wed,849,多多,三奖,1383/98,Chicken Mating / 鸡交配,Magnum 4D 萬能
1998-07-29,Wed,849,多多,三奖,1383/98,LIVER,Damacai 大馬彩
1998-07-29,Wed,849,多多,三奖,1383/98,Liver / 肝,Sports Toto 多多
1997-06-29,Sun,849,山打根馬會,特别奖,78/1997,Chicken Mating / 鸡交配,Magnum 4D 萬能
1997-06-29,Sun,849,山打根馬會,特别奖,78/1997,LIVER,Damacai 大馬彩
1997-06-29,Sun,849,山打根馬會,特别奖,78/1997,Liver / 肝,Sports Toto 多多
1996-02-10,Sat,849,萬能,安慰奖,017/96,Chicken Mating / 鸡交配,Magnum 4D 萬能
1996-02-10,Sat,849,萬能,安慰奖,017/96,LIVER,Damacai 大馬彩
1996-02-10,Sat,849,萬能,安慰奖,017/96,Liver / 肝,Sports Toto 多多
1994-09-26,Mon,849,萬能,特别奖,116/94,Chicken Mating / 鸡交配,Magnum 4D 萬能
1994-09-26,Mon,849,萬能,特别奖,116/94,LIVER,Damacai 大馬彩
1994-09-26,Mon,849,萬能,特别奖,116/94,Liver / 肝,Sports Toto 多多
1994-07-13,Wed,849,多多,特别奖,749/94,Chicken Mating / 鸡交配,Magnum 4D 萬能
1994-07-13,Wed,849,多多,特别奖,749/94,LIVER,Damacai 大馬彩
1994-07-13,Wed,849,多多,特别奖,749/94,Liver / 肝,Sports Toto 多多
1993-05-06,Thu,849,多多,特别奖,564/93,Chicken Mating / 鸡交配,Magnum 4D 萬能
1993-05-06,Thu,849,多多,特别奖,564/93,LIVER,Damacai 大馬彩
1993-05-06,Thu,849,多多,特别奖,564/93,Liver / 肝,Sports Toto 多多
1989-09-28,Thu,849,萬能,安慰奖,116/89,Chicken Mating / 鸡交配,Magnum 4D 萬能
1989-09-28,Thu,849,萬能,安慰奖,116/89,LIVER,Damacai 大馬彩
1989-09-28,Thu,849,萬能,安慰奖,116/89,Liver / 肝,Sports Toto 多多
1989-08-05,Sat,849,萬能,特别奖,093/89,Chicken Mating / 鸡交配,Magnum 4D 萬能
1989-08-05,Sat,849,萬能,特别奖,093/89,LIVER,Damacai 大馬彩
1989-08-05,Sat,849,萬能,特别奖,093/89,Liver / 肝,Sports Toto 多多
1988-09-19,Mon,849,萬能,安慰奖,113/88,Chicken Mating / 鸡交配,Magnum 4D 萬能
1988-09-19,Mon,849,萬能,安慰奖,113/88,LIVER,Damacai 大馬彩
1988-09-19,Mon,849,萬能,安慰奖,113/88,Liver / 肝,Sports Toto 多多
1987-04-04,Sat,849,萬能,安慰奖,041/87,Chicken Mating / 鸡交配,Magnum 4D 萬能
1987-04-04,Sat,849,萬能,安慰奖,041/87,LIVER,Damacai 大馬彩
1987-04-04,Sat,849,萬能,安慰奖,041/87,Liver / 肝,Sports Toto 多多
1986-11-02,Sun,849,萬能,特别奖,132/86,Chicken Mating / 鸡交配,Magnum 4D 萬能
1986-11-02,Sun,849,萬能,特别奖,132/86,LIVER,Damacai 大馬彩
1986-11-02,Sun,849,萬能,特别奖,132/86,Liver / 肝,Sports Toto 多多
