彩号,彩金,抽奖,开彩日期,开彩日,秦庄,图译,秦典
5567,Consolation,089/24,2024-09-04,Wed,萬能,Dreamed Of Wedding / 梦到结婚,Magnum 4D 萬能
5567,Consolation,089/24,2024-09-04,Wed,萬能,SWIMMING,Damacai 大馬彩
5567,Consolation,089/24,2024-09-04,Wed,萬能,Swimming / 游泳,Sports Toto 多多
5567,Special,3868/24,2024-05-18,Sat,沙巴彩,Dreamed Of Wedding / 梦到结婚,Magnum 4D 萬能
5567,Special,3868/24,2024-05-18,Sat,沙巴彩,SWIMMING,Damacai 大馬彩
5567,Special,3868/24,2024-05-18,Sat,沙巴彩,Swimming / 游泳,Sports Toto 多多
5567,1ST,5697/24,2024-01-24,Wed,大馬彩,Dreamed Of Wedding / 梦到结婚,Magnum 4D 萬能
5567,1ST,5697/24,2024-01-24,Wed,大馬彩,SWIMMING,Damacai 大馬彩
5567,1ST,5697/24,2024-01-24,Wed,大馬彩,Swimming / 游泳,Sports Toto 多多
5567,Special,135/23,2023-10-28,Sat,山打根馬會,Dreamed Of Wedding / 梦到结婚,Magnum 4D 萬能
5567,Special,135/23,2023-10-28,Sat,山打根馬會,SWIMMING,Damacai 大馬彩
5567,Special,135/23,2023-10-28,Sat,山打根馬會,Swimming / 游泳,Sports Toto 多多
5567,Consolation,5642/23,2023-09-23,Sat,大馬彩,Dreamed Of Wedding / 梦到结婚,Magnum 4D 萬能
5567,Consolation,5642/23,2023-09-23,Sat,大馬彩,SWIMMING,Damacai 大馬彩
5567,Consolation,5642/23,2023-09-23,Sat,大馬彩,Swimming / 游泳,Sports Toto 多多
5567,Consolation,032/23,2023-03-08,Wed,山打根馬會,Dreamed Of Wedding / 梦到结婚,Magnum 4D 萬能
5567,Consolation,032/23,2023-03-08,Wed,山打根馬會,SWIMMING,Damacai 大馬彩
5567,Consolation,032/23,2023-03-08,Wed,山打根馬會,Swimming / 游泳,Sports Toto 多多
5567,Consolation,4674/22,2022-09-04,Sun,砂大萬,Dreamed Of Wedding / 梦到结婚,Magnum 4D 萬能
5567,Consolation,4674/22,2022-09-04,Sun,砂大萬,SWIMMING,Damacai 大馬彩
5567,Consolation,4674/22,2022-09-04,Sun,砂大萬,Swimming / 游泳,Sports Toto 多多
5567,Special,3548/22,2022-07-02,Sat,沙巴彩,Dreamed Of Wedding / 梦到结婚,Magnum 4D 萬能
5567,Special,3548/22,2022-07-02,Sat,沙巴彩,SWIMMING,Damacai 大馬彩
5567,Special,3548/22,2022-07-02,Sat,沙巴彩,Swimming / 游泳,Sports Toto 多多
5567,Consolation,4758,2021-09-26,Sun,星池,Dreamed Of Wedding / 梦到结婚,Magnum 4D 萬能
5567,Consolation,4758,2021-09-26,Sun,星池,SWIMMING,Damacai 大馬彩
5567,Consolation,4758,2021-09-26,Sun,星池,Swimming / 游泳,Sports Toto 多多
5567,Special,042/21,2021-04-18,Sun,山打根馬會,Dreamed Of Wedding / 梦到结婚,Magnum 4D 萬能
5567,Special,042/21,2021-04-18,Sun,山打根馬會,SWIMMING,Damacai 大馬彩
5567,Special,042/21,2021-04-18,Sun,山打根馬會,Swimming / 游泳,Sports Toto 多多
5567,Special,415/20,2020-10-07,Wed,萬能,Dreamed Of Wedding / 梦到结婚,Magnum 4D 萬能
5567,Special,415/20,2020-10-07,Wed,萬能,SWIMMING,Damacai 大馬彩
5567,Special,415/20,2020-10-07,Wed,萬能,Swimming / 游泳,Sports Toto 多多
5567,Special,016/20,2020-02-01,Sat,山打根馬會,Dreamed Of Wedding / 梦到结婚,Magnum 4D 萬能
5567,Special,016/20,2020-02-01,Sat,山打根馬會,SWIMMING,Damacai 大馬彩
5567,Special,016/20,2020-02-01,Sat,山打根馬會,Swimming / 游泳,Sports Toto 多多
5567,3RD,3018/19,2019-05-26,Sun,沙巴彩,Dreamed Of Wedding / 梦到结婚,Magnum 4D 萬能
5567,3RD,3018/19,2019-05-26,Sun,沙巴彩,SWIMMING,Damacai 大馬彩
5567,3RD,3018/19,2019-05-26,Sun,沙巴彩,Swimming / 游泳,Sports Toto 多多
5567,Consolation,141/18,2018-10-17,Wed,山打根馬會,Dreamed Of Wedding / 梦到结婚,Magnum 4D 萬能
5567,Consolation,141/18,2018-10-17,Wed,山打根馬會,SWIMMING,Damacai 大馬彩
5567,Consolation,141/18,2018-10-17,Wed,山打根馬會,Swimming / 游泳,Sports Toto 多多
5567,Special,4238,2018-03-17,Sat,星池,Dreamed Of Wedding / 梦到结婚,Magnum 4D 萬能
5567,Special,4238,2018-03-17,Sat,星池,SWIMMING,Damacai 大馬彩
5567,Special,4238,2018-03-17,Sat,星池,Swimming / 游泳,Sports Toto 多多
5567,Special,4693/17,2017-12-03,Sun,多多,Dreamed Of Wedding / 梦到结婚,Magnum 4D 萬能
5567,Special,4693/17,2017-12-03,Sun,多多,SWIMMING,Damacai 大馬彩
5567,Special,4693/17,2017-12-03,Sun,多多,Swimming / 游泳,Sports Toto 多多
5567,Special,4678/17,2017-11-04,Sat,多多,Dreamed Of Wedding / 梦到结婚,Magnum 4D 萬能
5567,Special,4678/17,2017-11-04,Sat,多多,SWIMMING,Damacai 大馬彩
5567,Special,4678/17,2017-11-04,Sat,多多,Swimming / 游泳,Sports Toto 多多
5567,1ST,4596/17,2017-05-14,Sun,多多,Dreamed Of Wedding / 梦到结婚,Magnum 4D 萬能
5567,1ST,4596/17,2017-05-14,Sun,多多,SWIMMING,Damacai 大馬彩
5567,1ST,4596/17,2017-05-14,Sun,多多,Swimming / 游泳,Sports Toto 多多
5567,Special,4104/14,2014-12-02,Tue,大馬彩,Dreamed Of Wedding / 梦到结婚,Magnum 4D 萬能
5567,Special,4104/14,2014-12-02,Tue,大馬彩,SWIMMING,Damacai 大馬彩
5567,Special,4104/14,2014-12-02,Tue,大馬彩,Swimming / 游泳,Sports Toto 多多
5567,Consolation,123/14,2014-09-07,Sun,山打根馬會,Dreamed Of Wedding / 梦到结婚,Magnum 4D 萬能
5567,Consolation,123/14,2014-09-07,Sun,山打根馬會,SWIMMING,Damacai 大馬彩
5567,Consolation,123/14,2014-09-07,Sun,山打根馬會,Swimming / 游泳,Sports Toto 多多
5567,2ND,230/14,2014-01-29,Wed,萬能,Dreamed Of Wedding / 梦到结婚,Magnum 4D 萬能
5567,2ND,230/14,2014-01-29,Wed,萬能,SWIMMING,Damacai 大馬彩
5567,2ND,230/14,2014-01-29,Wed,萬能,Swimming / 游泳,Sports Toto 多多
5567,Consolation,2024/13,2013-10-23,Wed,沙巴彩,Dreamed Of Wedding / 梦到结婚,Magnum 4D 萬能
5567,Consolation,2024/13,2013-10-23,Wed,沙巴彩,SWIMMING,Damacai 大馬彩
5567,Consolation,2024/13,2013-10-23,Wed,沙巴彩,Swimming / 游泳,Sports Toto 多多
5567,Consolation,3821/13,2013-01-13,Sun,多多,Dreamed Of Wedding / 梦到结婚,Magnum 4D 萬能
5567,Consolation,3821/13,2013-01-13,Sun,多多,SWIMMING,Damacai 大馬彩
5567,Consolation,3821/13,2013-01-13,Sun,多多,Swimming / 游泳,Sports Toto 多多
5567,Special,2902/12,2012-08-05,Sun,砂大萬,Dreamed Of Wedding / 梦到结婚,Magnum 4D 萬能
5567,Special,2902/12,2012-08-05,Sun,砂大萬,SWIMMING,Damacai 大馬彩
5567,Special,2902/12,2012-08-05,Sun,砂大萬,Swimming / 游泳,Sports Toto 多多
5567,Consolation,2892/12,2012-07-15,Sun,砂大萬,Dreamed Of Wedding / 梦到结婚,Magnum 4D 萬能
5567,Consolation,2892/12,2012-07-15,Sun,砂大萬,SWIMMING,Damacai 大馬彩
5567,Consolation,2892/12,2012-07-15,Sun,砂大萬,Swimming / 游泳,Sports Toto 多多
5567,Special,3341/2012,2012-06-23,Sat,星池,Dreamed Of Wedding / 梦到结婚,Magnum 4D 萬能
5567,Special,3341/2012,2012-06-23,Sat,星池,SWIMMING,Damacai 大馬彩
5567,Special,3341/2012,2012-06-23,Sat,星池,Swimming / 游泳,Sports Toto 多多
5567,3RD,900/12,2012-03-25,Sun,萬能,Dreamed Of Wedding / 梦到结婚,Magnum 4D 萬能
5567,3RD,900/12,2012-03-25,Sun,萬能,SWIMMING,Damacai 大馬彩
5567,3RD,900/12,2012-03-25,Sun,萬能,Swimming / 游泳,Sports Toto 多多
5567,Consolation,3504/11,2011-04-02,Sat,多多,Dreamed Of Wedding / 梦到结婚,Magnum 4D 萬能
5567,Consolation,3504/11,2011-04-02,Sat,多多,SWIMMING,Damacai 大馬彩
5567,Consolation,3504/11,2011-04-02,Sat,多多,Swimming / 游泳,Sports Toto 多多
5567,Consolation,3053/2010,2010-08-21,Sat,星池,Dreamed Of Wedding / 梦到结婚,Magnum 4D 萬能
5567,Consolation,3053/2010,2010-08-21,Sat,星池,SWIMMING,Damacai 大馬彩
5567,Consolation,3053/2010,2010-08-21,Sat,星池,Swimming / 游泳,Sports Toto 多多
5567,Special,2543/10,2010-07-27,Tue,砂大萬,Dreamed Of Wedding / 梦到结婚,Magnum 4D 萬能
5567,Special,2543/10,2010-07-27,Tue,砂大萬,SWIMMING,Damacai 大馬彩
5567,Special,2543/10,2010-07-27,Tue,砂大萬,Swimming / 游泳,Sports Toto 多多
5567,Consolation,1367/10,2010-02-07,Sun,沙巴彩,Dreamed Of Wedding / 梦到结婚,Magnum 4D 萬能
5567,Consolation,1367/10,2010-02-07,Sun,沙巴彩,SWIMMING,Damacai 大馬彩
5567,Consolation,1367/10,2010-02-07,Sun,沙巴彩,Swimming / 游泳,Sports Toto 多多
5567,Consolation,518/10,2010-01-30,Sat,萬能,Dreamed Of Wedding / 梦到结婚,Magnum 4D 萬能
5567,Consolation,518/10,2010-01-30,Sat,萬能,SWIMMING,Damacai 大馬彩
5567,Consolation,518/10,2010-01-30,Sat,萬能,Swimming / 游泳,Sports Toto 多多
5567,Special,459/09,2009-09-30,Wed,萬能,Dreamed Of Wedding / 梦到结婚,Magnum 4D 萬能
5567,Special,459/09,2009-09-30,Wed,萬能,SWIMMING,Damacai 大馬彩
5567,Special,459/09,2009-09-30,Wed,萬能,Swimming / 游泳,Sports Toto 多多
5567,1ST,3110/09,2009-01-03,Sat,多多,Dreamed Of Wedding / 梦到结婚,Magnum 4D 萬能
5567,1ST,3110/09,2009-01-03,Sat,多多,SWIMMING,Damacai 大馬彩
5567,1ST,3110/09,2009-01-03,Sat,多多,Swimming / 游泳,Sports Toto 多多
5567,Special,2235/08,2008-10-26,Sun,砂大萬,Dreamed Of Wedding / 梦到结婚,Magnum 4D 萬能
5567,Special,2235/08,2008-10-26,Sun,砂大萬,SWIMMING,Damacai 大馬彩
5567,Special,2235/08,2008-10-26,Sun,砂大萬,Swimming / 游泳,Sports Toto 多多
5567,3RD,1099/08,2008-07-19,Sat,沙巴彩,Dreamed Of Wedding / 梦到结婚,Magnum 4D 萬能
5567,3RD,1099/08,2008-07-19,Sat,沙巴彩,SWIMMING,Damacai 大馬彩
5567,3RD,1099/08,2008-07-19,Sat,沙巴彩,Swimming / 游泳,Sports Toto 多多
5567,Special,2089/07,2007-11-25,Sun,砂大萬,Dreamed Of Wedding / 梦到结婚,Magnum 4D 萬能
5567,Special,2089/07,2007-11-25,Sun,砂大萬,SWIMMING,Damacai 大馬彩
5567,Special,2089/07,2007-11-25,Sun,砂大萬,Swimming / 游泳,Sports Toto 多多
5567,Special,2573/2007,2007-07-28,Sat,星池,Dreamed Of Wedding / 梦到结婚,Magnum 4D 萬能
5567,Special,2573/2007,2007-07-28,Sat,星池,SWIMMING,Damacai 大馬彩
5567,Special,2573/2007,2007-07-28,Sat,星池,Swimming / 游泳,Sports Toto 多多
5567,Special,2837/07,2007-05-06,Sun,多多,Dreamed Of Wedding / 梦到结婚,Magnum 4D 萬能
5567,Special,2837/07,2007-05-06,Sun,多多,SWIMMING,Damacai 大馬彩
5567,Special,2837/07,2007-05-06,Sun,多多,Swimming / 游泳,Sports Toto 多多
5567,Special,163/06,2006-12-16,Sat,山打根馬會,Dreamed Of Wedding / 梦到结婚,Magnum 4D 萬能
5567,Special,163/06,2006-12-16,Sat,山打根馬會,SWIMMING,Damacai 大馬彩
5567,Special,163/06,2006-12-16,Sat,山打根馬會,Swimming / 游泳,Sports Toto 多多
5567,Consolation,030/06,2006-03-11,Sat,萬能,Dreamed Of Wedding / 梦到结婚,Magnum 4D 萬能
5567,Consolation,030/06,2006-03-11,Sat,萬能,SWIMMING,Damacai 大馬彩
5567,Consolation,030/06,2006-03-11,Sat,萬能,Swimming / 游泳,Sports Toto 多多
5567,Consolation,2335/04,2004-09-18,Sat,大馬彩,Dreamed Of Wedding / 梦到结婚,Magnum 4D 萬能
5567,Consolation,2335/04,2004-09-18,Sat,大馬彩,SWIMMING,Damacai 大馬彩
5567,Consolation,2335/04,2004-09-18,Sat,大馬彩,Swimming / 游泳,Sports Toto 多多
5567,Special,2051/2004,2004-03-27,Sat,星池,Dreamed Of Wedding / 梦到结婚,Magnum 4D 萬能
5567,Special,2051/2004,2004-03-27,Sat,星池,SWIMMING,Damacai 大馬彩
5567,Special,2051/2004,2004-03-27,Sat,星池,Swimming / 游泳,Sports Toto 多多
5567,Special,150/03,2003-11-26,Wed,山打根馬會,Dreamed Of Wedding / 梦到结婚,Magnum 4D 萬能
5567,Special,150/03,2003-11-26,Wed,山打根馬會,SWIMMING,Damacai 大馬彩
5567,Special,150/03,2003-11-26,Wed,山打根馬會,Swimming / 游泳,Sports Toto 多多
5567,Consolation,142/03,2003-11-26,Wed,萬能,Dreamed Of Wedding / 梦到结婚,Magnum 4D 萬能
5567,Consolation,142/03,2003-11-26,Wed,萬能,SWIMMING,Damacai 大馬彩
5567,Consolation,142/03,2003-11-26,Wed,萬能,Swimming / 游泳,Sports Toto 多多
5567,Special,73/03,2003-06-04,Wed,山打根馬會,Dreamed Of Wedding / 梦到结婚,Magnum 4D 萬能
5567,Special,73/03,2003-06-04,Wed,山打根馬會,SWIMMING,Damacai 大馬彩
5567,Special,73/03,2003-06-04,Wed,山打根馬會,Swimming / 游泳,Sports Toto 多多
5567,Special,1256/02,2002-12-07,Sat,砂大萬,Dreamed Of Wedding / 梦到结婚,Magnum 4D 萬能
5567,Special,1256/02,2002-12-07,Sat,砂大萬,SWIMMING,Damacai 大馬彩
5567,Special,1256/02,2002-12-07,Sat,砂大萬,Swimming / 游泳,Sports Toto 多多
5567,Consolation,2081/02,2002-11-10,Sun,多多,Dreamed Of Wedding / 梦到结婚,Magnum 4D 萬能
5567,Consolation,2081/02,2002-11-10,Sun,多多,SWIMMING,Damacai 大馬彩
5567,Consolation,2081/02,2002-11-10,Sun,多多,Swimming / 游泳,Sports Toto 多多
5567,Consolation,2024/02,2002-11-03,Sun,大馬彩,Dreamed Of Wedding / 梦到结婚,Magnum 4D 萬能
5567,Consolation,2024/02,2002-11-03,Sun,大馬彩,SWIMMING,Damacai 大馬彩
5567,Consolation,2024/02,2002-11-03,Sun,大馬彩,Swimming / 游泳,Sports Toto 多多
5567,Special,1213/02,2002-09-04,Wed,砂大萬,Dreamed Of Wedding / 梦到结婚,Magnum 4D 萬能
5567,Special,1213/02,2002-09-04,Wed,砂大萬,SWIMMING,Damacai 大馬彩
5567,Special,1213/02,2002-09-04,Wed,砂大萬,Swimming / 游泳,Sports Toto 多多
5567,Consolation,116/02,2002-08-21,Wed,沙巴彩,Dreamed Of Wedding / 梦到结婚,Magnum 4D 萬能
5567,Consolation,116/02,2002-08-21,Wed,沙巴彩,SWIMMING,Damacai 大馬彩
5567,Consolation,116/02,2002-08-21,Wed,沙巴彩,Swimming / 游泳,Sports Toto 多多
5567,Consolation,1741/2002,2002-04-03,Wed,星池,Dreamed Of Wedding / 梦到结婚,Magnum 4D 萬能
5567,Consolation,1741/2002,2002-04-03,Wed,星池,SWIMMING,Damacai 大馬彩
5567,Consolation,1741/2002,2002-04-03,Wed,星池,Swimming / 游泳,Sports Toto 多多
5567,Special,1130/02,2002-03-03,Sun,砂大萬,Dreamed Of Wedding / 梦到结婚,Magnum 4D 萬能
5567,Special,1130/02,2002-03-03,Sun,砂大萬,SWIMMING,Damacai 大馬彩
5567,Special,1130/02,2002-03-03,Sun,砂大萬,Swimming / 游泳,Sports Toto 多多
5567,2ND,048/99,1999-04-21,Wed,萬能,Dreamed Of Wedding / 梦到结婚,Magnum 4D 萬能
5567,2ND,048/99,1999-04-21,Wed,萬能,SWIMMING,Damacai 大馬彩
5567,2ND,048/99,1999-04-21,Wed,萬能,Swimming / 游泳,Sports Toto 多多
5567,Consolation,0595/98,1998-11-29,Sun,砂大萬,Dreamed Of Wedding / 梦到结婚,Magnum 4D 萬能
5567,Consolation,0595/98,1998-11-29,Sun,砂大萬,SWIMMING,Damacai 大馬彩
5567,Consolation,0595/98,1998-11-29,Sun,砂大萬,Swimming / 游泳,Sports Toto 多多
5567,Consolation,1348/98,1998-09-09,Wed,大馬彩,Dreamed Of Wedding / 梦到结婚,Magnum 4D 萬能
5567,Consolation,1348/98,1998-09-09,Wed,大馬彩,SWIMMING,Damacai 大馬彩
5567,Consolation,1348/98,1998-09-09,Wed,大馬彩,Swimming / 游泳,Sports Toto 多多
5567,Special,095/98,1998-08-09,Sun,萬能,Dreamed Of Wedding / 梦到结婚,Magnum 4D 萬能
5567,Special,095/98,1998-08-09,Sun,萬能,SWIMMING,Damacai 大馬彩
5567,Special,095/98,1998-08-09,Sun,萬能,Swimming / 游泳,Sports Toto 多多
5567,2ND,033/98,1998-03-18,Wed,萬能,Dreamed Of Wedding / 梦到结婚,Magnum 4D 萬能
5567,2ND,033/98,1998-03-18,Wed,萬能,SWIMMING,Damacai 大馬彩
5567,2ND,033/98,1998-03-18,Wed,萬能,Swimming / 游泳,Sports Toto 多多
5567,Consolation,1149/97,1997-06-01,Sun,大馬彩,Dreamed Of Wedding / 梦到结婚,Magnum 4D 萬能
5567,Consolation,1149/97,1997-06-01,Sun,大馬彩,SWIMMING,Damacai 大馬彩
5567,Consolation,1149/97,1997-06-01,Sun,大馬彩,Swimming / 游泳,Sports Toto 多多
5567,Special,0356/97,1997-05-24,Sat,砂大萬,Dreamed Of Wedding / 梦到结婚,Magnum 4D 萬能
5567,Special,0356/97,1997-05-24,Sat,砂大萬,SWIMMING,Damacai 大馬彩
5567,Special,0356/97,1997-05-24,Sat,砂大萬,Swimming / 游泳,Sports Toto 多多
5567,Consolation,1073/96,1996-12-07,Sat,大馬彩,Dreamed Of Wedding / 梦到结婚,Magnum 4D 萬能
5567,Consolation,1073/96,1996-12-07,Sat,大馬彩,SWIMMING,Damacai 大馬彩
5567,Consolation,1073/96,1996-12-07,Sat,大馬彩,Swimming / 游泳,Sports Toto 多多
5567,1ST,140/96,1996-11-23,Sat,萬能,Dreamed Of Wedding / 梦到结婚,Magnum 4D 萬能
5567,1ST,140/96,1996-11-23,Sat,萬能,SWIMMING,Damacai 大馬彩
5567,1ST,140/96,1996-11-23,Sat,萬能,Swimming / 游泳,Sports Toto 多多
5567,Special,1111/96,1996-11-02,Sat,多多,Dreamed Of Wedding / 梦到结婚,Magnum 4D 萬能
5567,Special,1111/96,1996-11-02,Sat,多多,SWIMMING,Damacai 大馬彩
5567,Special,1111/96,1996-11-02,Sat,多多,Swimming / 游泳,Sports Toto 多多
5567,Special,111/1995,1995-10-25,Wed,山打根馬會,Dreamed Of Wedding / 梦到结婚,Magnum 4D 萬能
5567,Special,111/1995,1995-10-25,Wed,山打根馬會,SWIMMING,Damacai 大馬彩
5567,Special,111/1995,1995-10-25,Wed,山打根馬會,Swimming / 游泳,Sports Toto 多多
5567,Consolation,80/1995,1995-08-13,Sun,山打根馬會,Dreamed Of Wedding / 梦到结婚,Magnum 4D 萬能
5567,Consolation,80/1995,1995-08-13,Sun,山打根馬會,SWIMMING,Damacai 大馬彩
5567,Consolation,80/1995,1995-08-13,Sun,山打根馬會,Swimming / 游泳,Sports Toto 多多
5567,Special,38/1995,1995-05-07,Sun,山打根馬會,Dreamed Of Wedding / 梦到结婚,Magnum 4D 萬能
5567,Special,38/1995,1995-05-07,Sun,山打根馬會,SWIMMING,Damacai 大馬彩
5567,Special,38/1995,1995-05-07,Sun,山打根馬會,Swimming / 游泳,Sports Toto 多多
5567,Consolation,D19941218,1994-12-18,Sun,星池,Dreamed Of Wedding / 梦到结婚,Magnum 4D 萬能
5567,Consolation,D19941218,1994-12-18,Sun,星池,SWIMMING,Damacai 大馬彩
5567,Consolation,D19941218,1994-12-18,Sun,星池,Swimming / 游泳,Sports Toto 多多
5567,Special,137/94,1994-11-13,Sun,萬能,Dreamed Of Wedding / 梦到结婚,Magnum 4D 萬能
5567,Special,137/94,1994-11-13,Sun,萬能,SWIMMING,Damacai 大馬彩
5567,Special,137/94,1994-11-13,Sun,萬能,Swimming / 游泳,Sports Toto 多多
5567,Consolation,0689/94,1994-06-25,Sat,大馬彩,Dreamed Of Wedding / 梦到结婚,Magnum 4D 萬能
5567,Consolation,0689/94,1994-06-25,Sat,大馬彩,SWIMMING,Damacai 大馬彩
5567,Consolation,0689/94,1994-06-25,Sat,大馬彩,Swimming / 游泳,Sports Toto 多多
5567,Special,0563/93,1993-09-04,Sat,大馬彩,Dreamed Of Wedding / 梦到结婚,Magnum 4D 萬能
5567,Special,0563/93,1993-09-04,Sat,大馬彩,SWIMMING,Damacai 大馬彩
5567,Special,0563/93,1993-09-04,Sat,大馬彩,Swimming / 游泳,Sports Toto 多多
5567,Special,0442/92,1992-11-25,Wed,大馬彩,Dreamed Of Wedding / 梦到结婚,Magnum 4D 萬能
5567,Special,0442/92,1992-11-25,Wed,大馬彩,SWIMMING,Damacai 大馬彩
5567,Special,0442/92,1992-11-25,Wed,大馬彩,Swimming / 游泳,Sports Toto 多多
5567,Consolation,063/91,1991-05-27,Mon,萬能,Dreamed Of Wedding / 梦到结婚,Magnum 4D 萬能
5567,Consolation,063/91,1991-05-27,Mon,萬能,SWIMMING,Damacai 大馬彩
5567,Consolation,063/91,1991-05-27,Mon,萬能,Swimming / 游泳,Sports Toto 多多
5567,Special,123/90,1990-10-13,Sat,萬能,Dreamed Of Wedding / 梦到结婚,Magnum 4D 萬能
5567,Special,123/90,1990-10-13,Sat,萬能,SWIMMING,Damacai 大馬彩
5567,Special,123/90,1990-10-13,Sat,萬能,Swimming / 游泳,Sports Toto 多多
5567,Consolation,D19900701,1990-07-01,Sun,星池,Dreamed Of Wedding / 梦到结婚,Magnum 4D 萬能
5567,Consolation,D19900701,1990-07-01,Sun,星池,SWIMMING,Damacai 大馬彩
5567,Consolation,D19900701,1990-07-01,Sun,星池,Swimming / 游泳,Sports Toto 多多
5567,Special,D19890121,1989-01-21,Sat,星池,Dreamed Of Wedding / 梦到结婚,Magnum 4D 萬能
5567,Special,D19890121,1989-01-21,Sat,星池,SWIMMING,Damacai 大馬彩
5567,Special,D19890121,1989-01-21,Sat,星池,Swimming / 游泳,Sports Toto 多多
5567,Consolation,058/88,1988-05-14,Sat,萬能,Dreamed Of Wedding / 梦到结婚,Magnum 4D 萬能
5567,Consolation,058/88,1988-05-14,Sat,萬能,SWIMMING,Damacai 大馬彩
5567,Consolation,058/88,1988-05-14,Sat,萬能,Swimming / 游泳,Sports Toto 多多
