彩号,彩金,抽奖,开彩日期,开彩日,秦庄,图译,秦典
9730,Special,012/24,2024-03-16,Sat,萬能,Cabernet Sauvignon (Red Wine) / 卡百内苏维翁葡萄酒,Magnum 4D 萬能
9730,Special,012/24,2024-03-16,Sat,萬能,ALIEN INVASION,Damacai 大馬彩
9730,Special,012/24,2024-03-16,Sat,萬能,Parking / 停泊,Sports Toto 多多
9730,Consolation,4847/23,2023-09-06,Wed,砂大萬,Cabernet Sauvignon (Red Wine) / 卡百内苏维翁葡萄酒,Magnum 4D 萬能
9730,Consolation,4847/23,2023-09-06,Wed,砂大萬,ALIEN INVASION,Damacai 大馬彩
9730,Consolation,4847/23,2023-09-06,Wed,砂大萬,Parking / 停泊,Sports Toto 多多
9730,Consolation,5612/23,2023-03-19,Sun,多多,Cabernet Sauvignon (Red Wine) / 卡百内苏维翁葡萄酒,Magnum 4D 萬能
9730,Consolation,5612/23,2023-03-19,Sun,多多,ALIEN INVASION,Damacai 大馬彩
9730,Consolation,5612/23,2023-03-19,Sun,多多,Parking / 停泊,Sports Toto 多多
9730,1ST,4749/23,2023-01-31,Tue,砂大萬,Cabernet Sauvignon (Red Wine) / 卡百内苏维翁葡萄酒,Magnum 4D 萬能
9730,1ST,4749/23,2023-01-31,Tue,砂大萬,ALIEN INVASION,Damacai 大馬彩
9730,1ST,4749/23,2023-01-31,Tue,砂大萬,Parking / 停泊,Sports Toto 多多
9730,1ST,4700,2021-05-15,Sat,星池,Cabernet Sauvignon (Red Wine) / 卡百内苏维翁葡萄酒,Magnum 4D 萬能
9730,1ST,4700,2021-05-15,Sat,星池,ALIEN INVASION,Damacai 大馬彩
9730,1ST,4700,2021-05-15,Sat,星池,Parking / 停泊,Sports Toto 多多
9730,Consolation,5205/21,2021-03-21,Sun,大馬彩,Cabernet Sauvignon (Red Wine) / 卡百内苏维翁葡萄酒,Magnum 4D 萬能
9730,Consolation,5205/21,2021-03-21,Sun,大馬彩,ALIEN INVASION,Damacai 大馬彩
9730,Consolation,5205/21,2021-03-21,Sun,大馬彩,Parking / 停泊,Sports Toto 多多
9730,Special,3320/21,2021-03-13,Sat,沙巴彩,Cabernet Sauvignon (Red Wine) / 卡百内苏维翁葡萄酒,Magnum 4D 萬能
9730,Special,3320/21,2021-03-13,Sat,沙巴彩,ALIEN INVASION,Damacai 大馬彩
9730,Special,3320/21,2021-03-13,Sat,沙巴彩,Parking / 停泊,Sports Toto 多多
9730,Special,4246/20,2020-03-14,Sat,砂大萬,Cabernet Sauvignon (Red Wine) / 卡百内苏维翁葡萄酒,Magnum 4D 萬能
9730,Special,4246/20,2020-03-14,Sat,砂大萬,ALIEN INVASION,Damacai 大馬彩
9730,Special,4246/20,2020-03-14,Sat,砂大萬,Parking / 停泊,Sports Toto 多多
9730,Consolation,4531,2020-01-29,Wed,星池,Cabernet Sauvignon (Red Wine) / 卡百内苏维翁葡萄酒,Magnum 4D 萬能
9730,Consolation,4531,2020-01-29,Wed,星池,ALIEN INVASION,Damacai 大馬彩
9730,Consolation,4531,2020-01-29,Wed,星池,Parking / 停泊,Sports Toto 多多
9730,Special,003/20,2020-01-05,Sun,山打根馬會,Cabernet Sauvignon (Red Wine) / 卡百内苏维翁葡萄酒,Magnum 4D 萬能
9730,Special,003/20,2020-01-05,Sun,山打根馬會,ALIEN INVASION,Damacai 大馬彩
9730,Special,003/20,2020-01-05,Sun,山打根馬會,Parking / 停泊,Sports Toto 多多
9730,Consolation,056/19,2019-05-01,Wed,山打根馬會,Cabernet Sauvignon (Red Wine) / 卡百内苏维翁葡萄酒,Magnum 4D 萬能
9730,Consolation,056/19,2019-05-01,Wed,山打根馬會,ALIEN INVASION,Damacai 大馬彩
9730,Consolation,056/19,2019-05-01,Wed,山打根馬會,Parking / 停泊,Sports Toto 多多
9730,Consolation,4376,2019-02-02,Sat,星池,Cabernet Sauvignon (Red Wine) / 卡百内苏维翁葡萄酒,Magnum 4D 萬能
9730,Consolation,4376,2019-02-02,Sat,星池,ALIEN INVASION,Damacai 大馬彩
9730,Consolation,4376,2019-02-02,Sat,星池,Parking / 停泊,Sports Toto 多多
9730,Special,4003/18,2018-10-07,Sun,砂大萬,Cabernet Sauvignon (Red Wine) / 卡百内苏维翁葡萄酒,Magnum 4D 萬能
9730,Special,4003/18,2018-10-07,Sun,砂大萬,ALIEN INVASION,Damacai 大馬彩
9730,Special,4003/18,2018-10-07,Sun,砂大萬,Parking / 停泊,Sports Toto 多多
9730,Special,055/18,2018-04-21,Sat,山打根馬會,Cabernet Sauvignon (Red Wine) / 卡百内苏维翁葡萄酒,Magnum 4D 萬能
9730,Special,055/18,2018-04-21,Sat,山打根馬會,ALIEN INVASION,Damacai 大馬彩
9730,Special,055/18,2018-04-21,Sat,山打根馬會,Parking / 停泊,Sports Toto 多多
9730,Consolation,4750/18,2018-03-25,Sun,多多,Cabernet Sauvignon (Red Wine) / 卡百内苏维翁葡萄酒,Magnum 4D 萬能
9730,Consolation,4750/18,2018-03-25,Sun,多多,ALIEN INVASION,Damacai 大馬彩
9730,Consolation,4750/18,2018-03-25,Sun,多多,Parking / 停泊,Sports Toto 多多
9730,3RD,920/17,2017-11-25,Sat,萬能,Cabernet Sauvignon (Red Wine) / 卡百内苏维翁葡萄酒,Magnum 4D 萬能
9730,3RD,920/17,2017-11-25,Sat,萬能,ALIEN INVASION,Damacai 大馬彩
9730,3RD,920/17,2017-11-25,Sat,萬能,Parking / 停泊,Sports Toto 多多
9730,Consolation,917/17,2017-11-18,Sat,萬能,Cabernet Sauvignon (Red Wine) / 卡百内苏维翁葡萄酒,Magnum 4D 萬能
9730,Consolation,917/17,2017-11-18,Sat,萬能,ALIEN INVASION,Damacai 大馬彩
9730,Consolation,917/17,2017-11-18,Sat,萬能,Parking / 停泊,Sports Toto 多多
9730,Consolation,164/16,2016-11-30,Wed,山打根馬會,Cabernet Sauvignon (Red Wine) / 卡百内苏维翁葡萄酒,Magnum 4D 萬能
9730,Consolation,164/16,2016-11-30,Wed,山打根馬會,ALIEN INVASION,Damacai 大馬彩
9730,Consolation,164/16,2016-11-30,Wed,山打根馬會,Parking / 停泊,Sports Toto 多多
9730,Special,4344/16,2016-04-03,Sun,大馬彩,Cabernet Sauvignon (Red Wine) / 卡百内苏维翁葡萄酒,Magnum 4D 萬能
9730,Special,4344/16,2016-04-03,Sun,大馬彩,ALIEN INVASION,Damacai 大馬彩
9730,Special,4344/16,2016-04-03,Sun,大馬彩,Parking / 停泊,Sports Toto 多多
9730,Special,4273/15,2015-11-14,Sat,大馬彩,Cabernet Sauvignon (Red Wine) / 卡百内苏维翁葡萄酒,Magnum 4D 萬能
9730,Special,4273/15,2015-11-14,Sat,大馬彩,ALIEN INVASION,Damacai 大馬彩
9730,Special,4273/15,2015-11-14,Sat,大馬彩,Parking / 停泊,Sports Toto 多多
9730,Consolation,4115/14,2014-12-27,Sat,大馬彩,Cabernet Sauvignon (Red Wine) / 卡百内苏维翁葡萄酒,Magnum 4D 萬能
9730,Consolation,4115/14,2014-12-27,Sat,大馬彩,ALIEN INVASION,Damacai 大馬彩
9730,Consolation,4115/14,2014-12-27,Sat,大馬彩,Parking / 停泊,Sports Toto 多多
9730,Consolation,3286/14,2014-10-04,Sat,砂大萬,Cabernet Sauvignon (Red Wine) / 卡百内苏维翁葡萄酒,Magnum 4D 萬能
9730,Consolation,3286/14,2014-10-04,Sat,砂大萬,ALIEN INVASION,Damacai 大馬彩
9730,Consolation,3286/14,2014-10-04,Sat,砂大萬,Parking / 停泊,Sports Toto 多多
9730,Special,3277/14,2014-09-14,Sun,砂大萬,Cabernet Sauvignon (Red Wine) / 卡百内苏维翁葡萄酒,Magnum 4D 萬能
9730,Special,3277/14,2014-09-14,Sun,砂大萬,ALIEN INVASION,Damacai 大馬彩
9730,Special,3277/14,2014-09-14,Sun,砂大萬,Parking / 停泊,Sports Toto 多多
9730,Special,3191/14,2014-03-19,Wed,砂大萬,Cabernet Sauvignon (Red Wine) / 卡百内苏维翁葡萄酒,Magnum 4D 萬能
9730,Special,3191/14,2014-03-19,Wed,砂大萬,ALIEN INVASION,Damacai 大馬彩
9730,Special,3191/14,2014-03-19,Wed,砂大萬,Parking / 停泊,Sports Toto 多多
9730,Consolation,3166/14,2014-01-29,Wed,砂大萬,Cabernet Sauvignon (Red Wine) / 卡百内苏维翁葡萄酒,Magnum 4D 萬能
9730,Consolation,3166/14,2014-01-29,Wed,砂大萬,ALIEN INVASION,Damacai 大馬彩
9730,Consolation,3166/14,2014-01-29,Wed,砂大萬,Parking / 停泊,Sports Toto 多多
9730,Consolation,89/13,2013-06-29,Sat,山打根馬會,Cabernet Sauvignon (Red Wine) / 卡百内苏维翁葡萄酒,Magnum 4D 萬能
9730,Consolation,89/13,2013-06-29,Sat,山打根馬會,ALIEN INVASION,Damacai 大馬彩
9730,Consolation,89/13,2013-06-29,Sat,山打根馬會,Parking / 停泊,Sports Toto 多多
9730,Consolation,3029/13,2013-04-21,Sun,砂大萬,Cabernet Sauvignon (Red Wine) / 卡百内苏维翁葡萄酒,Magnum 4D 萬能
9730,Consolation,3029/13,2013-04-21,Sun,砂大萬,ALIEN INVASION,Damacai 大馬彩
9730,Consolation,3029/13,2013-04-21,Sun,砂大萬,Parking / 停泊,Sports Toto 多多
9730,Consolation,25/13,2013-02-17,Sun,山打根馬會,Cabernet Sauvignon (Red Wine) / 卡百内苏维翁葡萄酒,Magnum 4D 萬能
9730,Consolation,25/13,2013-02-17,Sun,山打根馬會,ALIEN INVASION,Damacai 大馬彩
9730,Consolation,25/13,2013-02-17,Sun,山打根馬會,Parking / 停泊,Sports Toto 多多
9730,Special,86/12,2012-06-23,Sat,山打根馬會,Cabernet Sauvignon (Red Wine) / 卡百内苏维翁葡萄酒,Magnum 4D 萬能
9730,Special,86/12,2012-06-23,Sat,山打根馬會,ALIEN INVASION,Damacai 大馬彩
9730,Special,86/12,2012-06-23,Sat,山打根馬會,Parking / 停泊,Sports Toto 多多
9730,Special,3673/12,2012-03-17,Sat,多多,Cabernet Sauvignon (Red Wine) / 卡百内苏维翁葡萄酒,Magnum 4D 萬能
9730,Special,3673/12,2012-03-17,Sat,多多,ALIEN INVASION,Damacai 大馬彩
9730,Special,3673/12,2012-03-17,Sat,多多,Parking / 停泊,Sports Toto 多多
9730,Special,3670/12,2012-03-10,Sat,多多,Cabernet Sauvignon (Red Wine) / 卡百内苏维翁葡萄酒,Magnum 4D 萬能
9730,Special,3670/12,2012-03-10,Sat,多多,ALIEN INVASION,Damacai 大馬彩
9730,Special,3670/12,2012-03-10,Sat,多多,Parking / 停泊,Sports Toto 多多
9730,Special,1737/12,2012-03-07,Wed,沙巴彩,Cabernet Sauvignon (Red Wine) / 卡百内苏维翁葡萄酒,Magnum 4D 萬能
9730,Special,1737/12,2012-03-07,Wed,沙巴彩,ALIEN INVASION,Damacai 大馬彩
9730,Special,1737/12,2012-03-07,Wed,沙巴彩,Parking / 停泊,Sports Toto 多多
9730,2ND,3442/10,2010-11-27,Sat,多多,Cabernet Sauvignon (Red Wine) / 卡百内苏维翁葡萄酒,Magnum 4D 萬能
9730,2ND,3442/10,2010-11-27,Sat,多多,ALIEN INVASION,Damacai 大馬彩
9730,2ND,3442/10,2010-11-27,Sat,多多,Parking / 停泊,Sports Toto 多多
9730,Special,1336/09,2009-12-05,Sat,沙巴彩,Cabernet Sauvignon (Red Wine) / 卡百内苏维翁葡萄酒,Magnum 4D 萬能
9730,Special,1336/09,2009-12-05,Sat,沙巴彩,ALIEN INVASION,Damacai 大馬彩
9730,Special,1336/09,2009-12-05,Sat,沙巴彩,Parking / 停泊,Sports Toto 多多
9730,Special,142/09,2009-10-24,Sat,山打根馬會,Cabernet Sauvignon (Red Wine) / 卡百内苏维翁葡萄酒,Magnum 4D 萬能
9730,Special,142/09,2009-10-24,Sat,山打根馬會,ALIEN INVASION,Damacai 大馬彩
9730,Special,142/09,2009-10-24,Sat,山打根馬會,Parking / 停泊,Sports Toto 多多
9730,Consolation,3245/09,2009-10-17,Sat,多多,Cabernet Sauvignon (Red Wine) / 卡百内苏维翁葡萄酒,Magnum 4D 萬能
9730,Consolation,3245/09,2009-10-17,Sat,多多,ALIEN INVASION,Damacai 大馬彩
9730,Consolation,3245/09,2009-10-17,Sat,多多,Parking / 停泊,Sports Toto 多多
9730,Special,3172/09,2009-05-16,Sat,多多,Cabernet Sauvignon (Red Wine) / 卡百内苏维翁葡萄酒,Magnum 4D 萬能
9730,Special,3172/09,2009-05-16,Sat,多多,ALIEN INVASION,Damacai 大馬彩
9730,Special,3172/09,2009-05-16,Sat,多多,Parking / 停泊,Sports Toto 多多
9730,Consolation,1178/09,2009-01-14,Wed,沙巴彩,Cabernet Sauvignon (Red Wine) / 卡百内苏维翁葡萄酒,Magnum 4D 萬能
9730,Consolation,1178/09,2009-01-14,Wed,沙巴彩,ALIEN INVASION,Damacai 大馬彩
9730,Consolation,1178/09,2009-01-14,Wed,沙巴彩,Parking / 停泊,Sports Toto 多多
9730,Special,3053/08,2008-09-03,Wed,多多,Cabernet Sauvignon (Red Wine) / 卡百内苏维翁葡萄酒,Magnum 4D 萬能
9730,Special,3053/08,2008-09-03,Wed,多多,ALIEN INVASION,Damacai 大馬彩
9730,Special,3053/08,2008-09-03,Wed,多多,Parking / 停泊,Sports Toto 多多
9730,Consolation,3039/08,2008-08-02,Sat,多多,Cabernet Sauvignon (Red Wine) / 卡百内苏维翁葡萄酒,Magnum 4D 萬能
9730,Consolation,3039/08,2008-08-02,Sat,多多,ALIEN INVASION,Damacai 大馬彩
9730,Consolation,3039/08,2008-08-02,Sat,多多,Parking / 停泊,Sports Toto 多多
9730,Consolation,2963/08,2008-06-08,Sun,大馬彩,Cabernet Sauvignon (Red Wine) / 卡百内苏维翁葡萄酒,Magnum 4D 萬能
9730,Consolation,2963/08,2008-06-08,Sun,大馬彩,ALIEN INVASION,Damacai 大馬彩
9730,Consolation,2963/08,2008-06-08,Sun,大馬彩,Parking / 停泊,Sports Toto 多多
9730,Consolation,2998/08,2008-04-27,Sun,多多,Cabernet Sauvignon (Red Wine) / 卡百内苏维翁葡萄酒,Magnum 4D 萬能
9730,Consolation,2998/08,2008-04-27,Sun,多多,ALIEN INVASION,Damacai 大馬彩
9730,Consolation,2998/08,2008-04-27,Sun,多多,Parking / 停泊,Sports Toto 多多
9730,Special,153/07,2007-12-01,Sat,山打根馬會,Cabernet Sauvignon (Red Wine) / 卡百内苏维翁葡萄酒,Magnum 4D 萬能
9730,Special,153/07,2007-12-01,Sat,山打根馬會,ALIEN INVASION,Damacai 大馬彩
9730,Special,153/07,2007-12-01,Sat,山打根馬會,Parking / 停泊,Sports Toto 多多
9730,2ND,2870/07,2007-11-14,Wed,大馬彩,Cabernet Sauvignon (Red Wine) / 卡百内苏维翁葡萄酒,Magnum 4D 萬能
9730,2ND,2870/07,2007-11-14,Wed,大馬彩,ALIEN INVASION,Damacai 大馬彩
9730,2ND,2870/07,2007-11-14,Wed,大馬彩,Parking / 停泊,Sports Toto 多多
9730,3RD,2034/07,2007-07-25,Wed,砂大萬,Cabernet Sauvignon (Red Wine) / 卡百内苏维翁葡萄酒,Magnum 4D 萬能
9730,3RD,2034/07,2007-07-25,Wed,砂大萬,ALIEN INVASION,Damacai 大馬彩
9730,3RD,2034/07,2007-07-25,Wed,砂大萬,Parking / 停泊,Sports Toto 多多
9730,Special,2025/07,2007-07-07,Sat,砂大萬,Cabernet Sauvignon (Red Wine) / 卡百内苏维翁葡萄酒,Magnum 4D 萬能
9730,Special,2025/07,2007-07-07,Sat,砂大萬,ALIEN INVASION,Damacai 大馬彩
9730,Special,2025/07,2007-07-07,Sat,砂大萬,Parking / 停泊,Sports Toto 多多
9730,Consolation,791/06,2006-09-06,Wed,沙巴彩,Cabernet Sauvignon (Red Wine) / 卡百内苏维翁葡萄酒,Magnum 4D 萬能
9730,Consolation,791/06,2006-09-06,Wed,沙巴彩,ALIEN INVASION,Damacai 大馬彩
9730,Consolation,791/06,2006-09-06,Wed,沙巴彩,Parking / 停泊,Sports Toto 多多
9730,Consolation,2603/06,2006-04-09,Sun,大馬彩,Cabernet Sauvignon (Red Wine) / 卡百内苏维翁葡萄酒,Magnum 4D 萬能
9730,Consolation,2603/06,2006-04-09,Sun,大馬彩,ALIEN INVASION,Damacai 大馬彩
9730,Consolation,2603/06,2006-04-09,Sun,大馬彩,Parking / 停泊,Sports Toto 多多
9730,Special,1807/06,2006-03-25,Sat,砂大萬,Cabernet Sauvignon (Red Wine) / 卡百内苏维翁葡萄酒,Magnum 4D 萬能
9730,Special,1807/06,2006-03-25,Sat,砂大萬,ALIEN INVASION,Damacai 大馬彩
9730,Special,1807/06,2006-03-25,Sat,砂大萬,Parking / 停泊,Sports Toto 多多
9730,Special,2630/06,2006-02-15,Wed,多多,Cabernet Sauvignon (Red Wine) / 卡百内苏维翁葡萄酒,Magnum 4D 萬能
9730,Special,2630/06,2006-02-15,Wed,多多,ALIEN INVASION,Damacai 大馬彩
9730,Special,2630/06,2006-02-15,Wed,多多,Parking / 停泊,Sports Toto 多多
9730,Consolation,037/04,2004-03-27,Sat,萬能,Cabernet Sauvignon (Red Wine) / 卡百内苏维翁葡萄酒,Magnum 4D 萬能
9730,Consolation,037/04,2004-03-27,Sat,萬能,ALIEN INVASION,Damacai 大馬彩
9730,Consolation,037/04,2004-03-27,Sat,萬能,Parking / 停泊,Sports Toto 多多
9730,Special,2191/03,2003-11-04,Tue,大馬彩,Cabernet Sauvignon (Red Wine) / 卡百内苏维翁葡萄酒,Magnum 4D 萬能
9730,Special,2191/03,2003-11-04,Tue,大馬彩,ALIEN INVASION,Damacai 大馬彩
9730,Special,2191/03,2003-11-04,Tue,大馬彩,Parking / 停泊,Sports Toto 多多
9730,Special,2240/03,2003-10-29,Wed,多多,Cabernet Sauvignon (Red Wine) / 卡百内苏维翁葡萄酒,Magnum 4D 萬能
9730,Special,2240/03,2003-10-29,Wed,多多,ALIEN INVASION,Damacai 大馬彩
9730,Special,2240/03,2003-10-29,Wed,多多,Parking / 停泊,Sports Toto 多多
9730,1ST,115/03,2003-09-24,Wed,萬能,Cabernet Sauvignon (Red Wine) / 卡百内苏维翁葡萄酒,Magnum 4D 萬能
9730,1ST,115/03,2003-09-24,Wed,萬能,ALIEN INVASION,Damacai 大馬彩
9730,1ST,115/03,2003-09-24,Wed,萬能,Parking / 停泊,Sports Toto 多多
9730,Special,189/03,2003-02-03,Mon,沙巴彩,Cabernet Sauvignon (Red Wine) / 卡百内苏维翁葡萄酒,Magnum 4D 萬能
9730,Special,189/03,2003-02-03,Mon,沙巴彩,ALIEN INVASION,Damacai 大馬彩
9730,Special,189/03,2003-02-03,Mon,沙巴彩,Parking / 停泊,Sports Toto 多多
9730,Consolation,1833/2002,2002-11-03,Sun,星池,Cabernet Sauvignon (Red Wine) / 卡百内苏维翁葡萄酒,Magnum 4D 萬能
9730,Consolation,1833/2002,2002-11-03,Sun,星池,ALIEN INVASION,Damacai 大馬彩
9730,Consolation,1833/2002,2002-11-03,Sun,星池,Parking / 停泊,Sports Toto 多多
9730,Consolation,086/02,2002-06-15,Sat,沙巴彩,Cabernet Sauvignon (Red Wine) / 卡百内苏维翁葡萄酒,Magnum 4D 萬能
9730,Consolation,086/02,2002-06-15,Sat,沙巴彩,ALIEN INVASION,Damacai 大馬彩
9730,Consolation,086/02,2002-06-15,Sat,沙巴彩,Parking / 停泊,Sports Toto 多多
9730,2ND,39/02,2002-03-28,Thu,山打根馬會,Cabernet Sauvignon (Red Wine) / 卡百内苏维翁葡萄酒,Magnum 4D 萬能
9730,2ND,39/02,2002-03-28,Thu,山打根馬會,ALIEN INVASION,Damacai 大馬彩
9730,2ND,39/02,2002-03-28,Thu,山打根馬會,Parking / 停泊,Sports Toto 多多
9730,Special,1959/02,2002-02-10,Sun,多多,Cabernet Sauvignon (Red Wine) / 卡百内苏维翁葡萄酒,Magnum 4D 萬能
9730,Special,1959/02,2002-02-10,Sun,多多,ALIEN INVASION,Damacai 大馬彩
9730,Special,1959/02,2002-02-10,Sun,多多,Parking / 停泊,Sports Toto 多多
9730,Special,012/02,2002-01-09,Wed,沙巴彩,Cabernet Sauvignon (Red Wine) / 卡百内苏维翁葡萄酒,Magnum 4D 萬能
9730,Special,012/02,2002-01-09,Wed,沙巴彩,ALIEN INVASION,Damacai 大馬彩
9730,Special,012/02,2002-01-09,Wed,沙巴彩,Parking / 停泊,Sports Toto 多多
9730,Consolation,1038/01,2001-08-18,Sat,砂大萬,Cabernet Sauvignon (Red Wine) / 卡百内苏维翁葡萄酒,Magnum 4D 萬能
9730,Consolation,1038/01,2001-08-18,Sat,砂大萬,ALIEN INVASION,Damacai 大馬彩
9730,Consolation,1038/01,2001-08-18,Sat,砂大萬,Parking / 停泊,Sports Toto 多多
9730,1ST,068/01,2001-06-09,Sat,萬能,Cabernet Sauvignon (Red Wine) / 卡百内苏维翁葡萄酒,Magnum 4D 萬能
9730,1ST,068/01,2001-06-09,Sat,萬能,ALIEN INVASION,Damacai 大馬彩
9730,1ST,068/01,2001-06-09,Sat,萬能,Parking / 停泊,Sports Toto 多多
9730,Consolation,56/2001,2001-05-06,Sun,山打根馬會,Cabernet Sauvignon (Red Wine) / 卡百内苏维翁葡萄酒,Magnum 4D 萬能
9730,Consolation,56/2001,2001-05-06,Sun,山打根馬會,ALIEN INVASION,Damacai 大馬彩
9730,Consolation,56/2001,2001-05-06,Sun,山打根馬會,Parking / 停泊,Sports Toto 多多
9730,Special,031/01,2001-03-14,Wed,萬能,Cabernet Sauvignon (Red Wine) / 卡百内苏维翁葡萄酒,Magnum 4D 萬能
9730,Special,031/01,2001-03-14,Wed,萬能,ALIEN INVASION,Damacai 大馬彩
9730,Special,031/01,2001-03-14,Wed,萬能,Parking / 停泊,Sports Toto 多多
9730,Special,1554/2001,2001-01-21,Sun,星池,Cabernet Sauvignon (Red Wine) / 卡百内苏维翁葡萄酒,Magnum 4D 萬能
9730,Special,1554/2001,2001-01-21,Sun,星池,ALIEN INVASION,Damacai 大馬彩
9730,Special,1554/2001,2001-01-21,Sun,星池,Parking / 停泊,Sports Toto 多多
9730,Special,1545/2000,2000-12-31,Sun,星池,Cabernet Sauvignon (Red Wine) / 卡百内苏维翁葡萄酒,Magnum 4D 萬能
9730,Special,1545/2000,2000-12-31,Sun,星池,ALIEN INVASION,Damacai 大馬彩
9730,Special,1545/2000,2000-12-31,Sun,星池,Parking / 停泊,Sports Toto 多多
9730,Consolation,1475/2000,2000-07-15,Sat,星池,Cabernet Sauvignon (Red Wine) / 卡百内苏维翁葡萄酒,Magnum 4D 萬能
9730,Consolation,1475/2000,2000-07-15,Sat,星池,ALIEN INVASION,Damacai 大馬彩
9730,Consolation,1475/2000,2000-07-15,Sat,星池,Parking / 停泊,Sports Toto 多多
9730,Consolation,110/99,1999-09-12,Sun,萬能,Cabernet Sauvignon (Red Wine) / 卡百内苏维翁葡萄酒,Magnum 4D 萬能
9730,Consolation,110/99,1999-09-12,Sun,萬能,ALIEN INVASION,Damacai 大馬彩
9730,Consolation,110/99,1999-09-12,Sun,萬能,Parking / 停泊,Sports Toto 多多
9730,Consolation,0702/99,1999-07-24,Sat,砂大萬,Cabernet Sauvignon (Red Wine) / 卡百内苏维翁葡萄酒,Magnum 4D 萬能
9730,Consolation,0702/99,1999-07-24,Sat,砂大萬,ALIEN INVASION,Damacai 大馬彩
9730,Consolation,0702/99,1999-07-24,Sat,砂大萬,Parking / 停泊,Sports Toto 多多
9730,2ND,024/99,1999-02-24,Wed,萬能,Cabernet Sauvignon (Red Wine) / 卡百内苏维翁葡萄酒,Magnum 4D 萬能
9730,2ND,024/99,1999-02-24,Wed,萬能,ALIEN INVASION,Damacai 大馬彩
9730,2ND,024/99,1999-02-24,Wed,萬能,Parking / 停泊,Sports Toto 多多
9730,1ST,0501/98,1998-04-26,Sun,砂大萬,Cabernet Sauvignon (Red Wine) / 卡百内苏维翁葡萄酒,Magnum 4D 萬能
9730,1ST,0501/98,1998-04-26,Sun,砂大萬,ALIEN INVASION,Damacai 大馬彩
9730,1ST,0501/98,1998-04-26,Sun,砂大萬,Parking / 停泊,Sports Toto 多多
9730,Special,021/98,1998-02-18,Wed,萬能,Cabernet Sauvignon (Red Wine) / 卡百内苏维翁葡萄酒,Magnum 4D 萬能
9730,Special,021/98,1998-02-18,Wed,萬能,ALIEN INVASION,Damacai 大馬彩
9730,Special,021/98,1998-02-18,Wed,萬能,Parking / 停泊,Sports Toto 多多
9730,Special,1201/97,1997-10-01,Wed,大馬彩,Cabernet Sauvignon (Red Wine) / 卡百内苏维翁葡萄酒,Magnum 4D 萬能
9730,Special,1201/97,1997-10-01,Wed,大馬彩,ALIEN INVASION,Damacai 大馬彩
9730,Special,1201/97,1997-10-01,Wed,大馬彩,Parking / 停泊,Sports Toto 多多
9730,Consolation,0327/97,1997-03-16,Sun,砂大萬,Cabernet Sauvignon (Red Wine) / 卡百内苏维翁葡萄酒,Magnum 4D 萬能
9730,Consolation,0327/97,1997-03-16,Sun,砂大萬,ALIEN INVASION,Damacai 大馬彩
9730,Consolation,0327/97,1997-03-16,Sun,砂大萬,Parking / 停泊,Sports Toto 多多
9730,Consolation,0978/96,1996-04-28,Sun,大馬彩,Cabernet Sauvignon (Red Wine) / 卡百内苏维翁葡萄酒,Magnum 4D 萬能
9730,Consolation,0978/96,1996-04-28,Sun,大馬彩,ALIEN INVASION,Damacai 大馬彩
9730,Consolation,0978/96,1996-04-28,Sun,大馬彩,Parking / 停泊,Sports Toto 多多
9730,Consolation,D19960316,1996-03-16,Sat,星池,Cabernet Sauvignon (Red Wine) / 卡百内苏维翁葡萄酒,Magnum 4D 萬能
9730,Consolation,D19960316,1996-03-16,Sat,星池,ALIEN INVASION,Damacai 大馬彩
9730,Consolation,D19960316,1996-03-16,Sat,星池,Parking / 停泊,Sports Toto 多多
9730,Special,0823/95,1995-05-03,Wed,大馬彩,Cabernet Sauvignon (Red Wine) / 卡百内苏维翁葡萄酒,Magnum 4D 萬能
9730,Special,0823/95,1995-05-03,Wed,大馬彩,ALIEN INVASION,Damacai 大馬彩
9730,Special,0823/95,1995-05-03,Wed,大馬彩,Parking / 停泊,Sports Toto 多多
9730,Consolation,419/92,1992-06-03,Wed,多多,Cabernet Sauvignon (Red Wine) / 卡百内苏维翁葡萄酒,Magnum 4D 萬能
9730,Consolation,419/92,1992-06-03,Wed,多多,ALIEN INVASION,Damacai 大馬彩
9730,Consolation,419/92,1992-06-03,Wed,多多,Parking / 停泊,Sports Toto 多多
9730,Consolation,D19911109,1991-11-09,Sat,星池,Cabernet Sauvignon (Red Wine) / 卡百内苏维翁葡萄酒,Magnum 4D 萬能
9730,Consolation,D19911109,1991-11-09,Sat,星池,ALIEN INVASION,Damacai 大馬彩
9730,Consolation,D19911109,1991-11-09,Sat,星池,Parking / 停泊,Sports Toto 多多
9730,Consolation,096/89,1989-08-12,Sat,萬能,Cabernet Sauvignon (Red Wine) / 卡百内苏维翁葡萄酒,Magnum 4D 萬能
9730,Consolation,096/89,1989-08-12,Sat,萬能,ALIEN INVASION,Damacai 大馬彩
9730,Consolation,096/89,1989-08-12,Sat,萬能,Parking / 停泊,Sports Toto 多多
9730,Consolation,D19890521,1989-05-21,Sun,星池,Cabernet Sauvignon (Red Wine) / 卡百内苏维翁葡萄酒,Magnum 4D 萬能
9730,Consolation,D19890521,1989-05-21,Sun,星池,ALIEN INVASION,Damacai 大馬彩
9730,Consolation,D19890521,1989-05-21,Sun,星池,Parking / 停泊,Sports Toto 多多
9730,Special,047/88,1988-04-18,Mon,萬能,Cabernet Sauvignon (Red Wine) / 卡百内苏维翁葡萄酒,Magnum 4D 萬能
9730,Special,047/88,1988-04-18,Mon,萬能,ALIEN INVASION,Damacai 大馬彩
9730,Special,047/88,1988-04-18,Mon,萬能,Parking / 停泊,Sports Toto 多多
9730,Special,144/86,1986-11-30,Sun,萬能,Cabernet Sauvignon (Red Wine) / 卡百内苏维翁葡萄酒,Magnum 4D 萬能
9730,Special,144/86,1986-11-30,Sun,萬能,ALIEN INVASION,Damacai 大馬彩
9730,Special,144/86,1986-11-30,Sun,萬能,Parking / 停泊,Sports Toto 多多
9730,Special,006/86,1986-01-12,Sun,萬能,Cabernet Sauvignon (Red Wine) / 卡百内苏维翁葡萄酒,Magnum 4D 萬能
9730,Special,006/86,1986-01-12,Sun,萬能,ALIEN INVASION,Damacai 大馬彩
9730,Special,006/86,1986-01-12,Sun,萬能,Parking / 停泊,Sports Toto 多多
