开彩日期,开彩日,彩号,秦庄,彩金,抽奖,图译,秦典
2024-01-06,Sat,1473,多多,Special,5742/24,Tiger Cage / 老虎笼,Magnum 4D 萬能
2024-01-06,Sat,1473,多多,Special,5742/24,TIGER CAGE,Damacai 大馬彩
2024-01-06,Sat,1473,多多,Special,5742/24,Tiger cage / 虎闸,Sports Toto 多多
2023-08-30,Wed,1473,山打根馬會,Consolation,110/23,Tiger Cage / 老虎笼,Magnum 4D 萬能
2023-08-30,Wed,1473,山打根馬會,Consolation,110/23,TIGER CAGE,Damacai 大馬彩
2023-08-30,Wed,1473,山打根馬會,Consolation,110/23,Tiger cage / 虎闸,Sports Toto 多多
2023-05-31,Wed,1473,大馬彩,Consolation,5591/23,Tiger Cage / 老虎笼,Magnum 4D 萬能
2023-05-31,Wed,1473,大馬彩,Consolation,5591/23,TIGER CAGE,Damacai 大馬彩
2023-05-31,Wed,1473,大馬彩,Consolation,5591/23,Tiger cage / 虎闸,Sports Toto 多多
2023-04-26,Wed,1473,沙巴彩,Special,3694/23,Tiger Cage / 老虎笼,Magnum 4D 萬能
2023-04-26,Wed,1473,沙巴彩,Special,3694/23,TIGER CAGE,Damacai 大馬彩
2023-04-26,Wed,1473,沙巴彩,Special,3694/23,Tiger cage / 虎闸,Sports Toto 多多
2023-02-12,Sun,1473,萬能,Special,832/23,Tiger Cage / 老虎笼,Magnum 4D 萬能
2023-02-12,Sun,1473,萬能,Special,832/23,TIGER CAGE,Damacai 大馬彩
2023-02-12,Sun,1473,萬能,Special,832/23,Tiger cage / 虎闸,Sports Toto 多多
2022-12-25,Sun,1473,沙巴彩,Special,3638/22,Tiger Cage / 老虎笼,Magnum 4D 萬能
2022-12-25,Sun,1473,沙巴彩,Special,3638/22,TIGER CAGE,Damacai 大馬彩
2022-12-25,Sun,1473,沙巴彩,Special,3638/22,Tiger cage / 虎闸,Sports Toto 多多
2022-11-06,Sun,1473,山打根馬會,Special,150/22,Tiger Cage / 老虎笼,Magnum 4D 萬能
2022-11-06,Sun,1473,山打根馬會,Special,150/22,TIGER CAGE,Damacai 大馬彩
2022-11-06,Sun,1473,山打根馬會,Special,150/22,Tiger cage / 虎闸,Sports Toto 多多
2022-04-20,Wed,1473,大馬彩,Special,5395/22,Tiger Cage / 老虎笼,Magnum 4D 萬能
2022-04-20,Wed,1473,大馬彩,Special,5395/22,TIGER CAGE,Damacai 大馬彩
2022-04-20,Wed,1473,大馬彩,Special,5395/22,Tiger cage / 虎闸,Sports Toto 多多
2022-04-10,Sun,1473,萬能,3RD,680/22,Tiger Cage / 老虎笼,Magnum 4D 萬能
2022-04-10,Sun,1473,萬能,3RD,680/22,TIGER CAGE,Damacai 大馬彩
2022-04-10,Sun,1473,萬能,3RD,680/22,Tiger cage / 虎闸,Sports Toto 多多
2021-10-13,Wed,1473,砂大萬,Consolation,4517/21,Tiger Cage / 老虎笼,Magnum 4D 萬能
2021-10-13,Wed,1473,砂大萬,Consolation,4517/21,TIGER CAGE,Damacai 大馬彩
2021-10-13,Wed,1473,砂大萬,Consolation,4517/21,Tiger cage / 虎闸,Sports Toto 多多
2021-10-09,Sat,1473,萬能,Special,592/21,Tiger Cage / 老虎笼,Magnum 4D 萬能
2021-10-09,Sat,1473,萬能,Special,592/21,TIGER CAGE,Damacai 大馬彩
2021-10-09,Sat,1473,萬能,Special,592/21,Tiger cage / 虎闸,Sports Toto 多多
2021-09-18,Sat,1473,萬能,Special,581/21,Tiger Cage / 老虎笼,Magnum 4D 萬能
2021-09-18,Sat,1473,萬能,Special,581/21,TIGER CAGE,Damacai 大馬彩
2021-09-18,Sat,1473,萬能,Special,581/21,Tiger cage / 虎闸,Sports Toto 多多
2021-05-08,Sat,1473,山打根馬會,Consolation,050/21,Tiger Cage / 老虎笼,Magnum 4D 萬能
2021-05-08,Sat,1473,山打根馬會,Consolation,050/21,TIGER CAGE,Damacai 大馬彩
2021-05-08,Sat,1473,山打根馬會,Consolation,050/21,Tiger cage / 虎闸,Sports Toto 多多
2021-01-03,Sun,1473,砂大萬,Consolation,4379/21,Tiger Cage / 老虎笼,Magnum 4D 萬能
2021-01-03,Sun,1473,砂大萬,Consolation,4379/21,TIGER CAGE,Damacai 大馬彩
2021-01-03,Sun,1473,砂大萬,Consolation,4379/21,Tiger cage / 虎闸,Sports Toto 多多
2020-11-25,Wed,1473,星池,Consolation,4627,Tiger Cage / 老虎笼,Magnum 4D 萬能
2020-11-25,Wed,1473,星池,Consolation,4627,TIGER CAGE,Damacai 大馬彩
2020-11-25,Wed,1473,星池,Consolation,4627,Tiger cage / 虎闸,Sports Toto 多多
2019-10-20,Sun,1473,萬能,Special,256/19,Tiger Cage / 老虎笼,Magnum 4D 萬能
2019-10-20,Sun,1473,萬能,Special,256/19,TIGER CAGE,Damacai 大馬彩
2019-10-20,Sun,1473,萬能,Special,256/19,Tiger cage / 虎闸,Sports Toto 多多
2019-08-07,Wed,1473,萬能,Special,221/19,Tiger Cage / 老虎笼,Magnum 4D 萬能
2019-08-07,Wed,1473,萬能,Special,221/19,TIGER CAGE,Damacai 大馬彩
2019-08-07,Wed,1473,萬能,Special,221/19,Tiger cage / 虎闸,Sports Toto 多多
2019-01-20,Sun,1473,萬能,Special,130/19,Tiger Cage / 老虎笼,Magnum 4D 萬能
2019-01-20,Sun,1473,萬能,Special,130/19,TIGER CAGE,Damacai 大馬彩
2019-01-20,Sun,1473,萬能,Special,130/19,Tiger cage / 虎闸,Sports Toto 多多
2018-11-03,Sat,1473,多多,Consolation,4856/18,Tiger Cage / 老虎笼,Magnum 4D 萬能
2018-11-03,Sat,1473,多多,Consolation,4856/18,TIGER CAGE,Damacai 大馬彩
2018-11-03,Sat,1473,多多,Consolation,4856/18,Tiger cage / 虎闸,Sports Toto 多多
2018-03-14,Wed,1473,砂大萬,Consolation,3904/18,Tiger Cage / 老虎笼,Magnum 4D 萬能
2018-03-14,Wed,1473,砂大萬,Consolation,3904/18,TIGER CAGE,Damacai 大馬彩
2018-03-14,Wed,1473,砂大萬,Consolation,3904/18,Tiger cage / 虎闸,Sports Toto 多多
2017-04-22,Sat,1473,星池,Consolation,4097,Tiger Cage / 老虎笼,Magnum 4D 萬能
2017-04-22,Sat,1473,星池,Consolation,4097,TIGER CAGE,Damacai 大馬彩
2017-04-22,Sat,1473,星池,Consolation,4097,Tiger cage / 虎闸,Sports Toto 多多
2017-01-24,Tue,1473,多多,Consolation,4541/17,Tiger Cage / 老虎笼,Magnum 4D 萬能
2017-01-24,Tue,1473,多多,Consolation,4541/17,TIGER CAGE,Damacai 大馬彩
2017-01-24,Tue,1473,多多,Consolation,4541/17,Tiger cage / 虎闸,Sports Toto 多多
2016-09-18,Sun,1473,沙巴彩,Special,2544/16,Tiger Cage / 老虎笼,Magnum 4D 萬能
2016-09-18,Sun,1473,沙巴彩,Special,2544/16,TIGER CAGE,Damacai 大馬彩
2016-09-18,Sun,1473,沙巴彩,Special,2544/16,Tiger cage / 虎闸,Sports Toto 多多
2016-07-31,Sun,1473,砂大萬,Consolation,3612/16,Tiger Cage / 老虎笼,Magnum 4D 萬能
2016-07-31,Sun,1473,砂大萬,Consolation,3612/16,TIGER CAGE,Damacai 大馬彩
2016-07-31,Sun,1473,砂大萬,Consolation,3612/16,Tiger cage / 虎闸,Sports Toto 多多
2016-07-24,Sun,1473,山打根馬會,2ND,102/16,Tiger Cage / 老虎笼,Magnum 4D 萬能
2016-07-24,Sun,1473,山打根馬會,2ND,102/16,TIGER CAGE,Damacai 大馬彩
2016-07-24,Sun,1473,山打根馬會,2ND,102/16,Tiger cage / 虎闸,Sports Toto 多多
2016-05-18,Wed,1473,大馬彩,Special,4366/16,Tiger Cage / 老虎笼,Magnum 4D 萬能
2016-05-18,Wed,1473,大馬彩,Special,4366/16,TIGER CAGE,Damacai 大馬彩
2016-05-18,Wed,1473,大馬彩,Special,4366/16,Tiger cage / 虎闸,Sports Toto 多多
2015-11-04,Wed,1473,山打根馬會,Consolation,151/15,Tiger Cage / 老虎笼,Magnum 4D 萬能
2015-11-04,Wed,1473,山打根馬會,Consolation,151/15,TIGER CAGE,Damacai 大馬彩
2015-11-04,Wed,1473,山打根馬會,Consolation,151/15,Tiger cage / 虎闸,Sports Toto 多多
2014-08-30,Sat,1473,多多,Special,4110/14,Tiger Cage / 老虎笼,Magnum 4D 萬能
2014-08-30,Sat,1473,多多,Special,4110/14,TIGER CAGE,Damacai 大馬彩
2014-08-30,Sat,1473,多多,Special,4110/14,Tiger cage / 虎闸,Sports Toto 多多
2014-08-20,Wed,1473,多多,Consolation,4105/14,Tiger Cage / 老虎笼,Magnum 4D 萬能
2014-08-20,Wed,1473,多多,Consolation,4105/14,TIGER CAGE,Damacai 大馬彩
2014-08-20,Wed,1473,多多,Consolation,4105/14,Tiger cage / 虎闸,Sports Toto 多多
2014-08-13,Wed,1473,山打根馬會,Consolation,111/14,Tiger Cage / 老虎笼,Magnum 4D 萬能
2014-08-13,Wed,1473,山打根馬會,Consolation,111/14,TIGER CAGE,Damacai 大馬彩
2014-08-13,Wed,1473,山打根馬會,Consolation,111/14,Tiger cage / 虎闸,Sports Toto 多多
2014-08-03,Sun,1473,山打根馬會,Consolation,106/14,Tiger Cage / 老虎笼,Magnum 4D 萬能
2014-08-03,Sun,1473,山打根馬會,Consolation,106/14,TIGER CAGE,Damacai 大馬彩
2014-08-03,Sun,1473,山打根馬會,Consolation,106/14,Tiger cage / 虎闸,Sports Toto 多多
2013-10-12,Sat,1473,萬能,Consolation,176/13,Tiger Cage / 老虎笼,Magnum 4D 萬能
2013-10-12,Sat,1473,萬能,Consolation,176/13,TIGER CAGE,Damacai 大馬彩
2013-10-12,Sat,1473,萬能,Consolation,176/13,Tiger cage / 虎闸,Sports Toto 多多
2013-09-11,Wed,1473,星池,Consolation,3532,Tiger Cage / 老虎笼,Magnum 4D 萬能
2013-09-11,Wed,1473,星池,Consolation,3532,TIGER CAGE,Damacai 大馬彩
2013-09-11,Wed,1473,星池,Consolation,3532,Tiger cage / 虎闸,Sports Toto 多多
2013-07-21,Sun,1473,多多,Consolation,3914/13,Tiger Cage / 老虎笼,Magnum 4D 萬能
2013-07-21,Sun,1473,多多,Consolation,3914/13,TIGER CAGE,Damacai 大馬彩
2013-07-21,Sun,1473,多多,Consolation,3914/13,Tiger cage / 虎闸,Sports Toto 多多
2013-04-07,Sun,1473,山打根馬會,Consolation,50/13,Tiger Cage / 老虎笼,Magnum 4D 萬能
2013-04-07,Sun,1473,山打根馬會,Consolation,50/13,TIGER CAGE,Damacai 大馬彩
2013-04-07,Sun,1473,山打根馬會,Consolation,50/13,Tiger cage / 虎闸,Sports Toto 多多
2012-12-09,Sun,1473,沙巴彩,Special,1870/12,Tiger Cage / 老虎笼,Magnum 4D 萬能
2012-12-09,Sun,1473,沙巴彩,Special,1870/12,TIGER CAGE,Damacai 大馬彩
2012-12-09,Sun,1473,沙巴彩,Special,1870/12,Tiger cage / 虎闸,Sports Toto 多多
2012-10-13,Sat,1473,砂大萬,Consolation,2934/12,Tiger Cage / 老虎笼,Magnum 4D 萬能
2012-10-13,Sat,1473,砂大萬,Consolation,2934/12,TIGER CAGE,Damacai 大馬彩
2012-10-13,Sat,1473,砂大萬,Consolation,2934/12,Tiger cage / 虎闸,Sports Toto 多多
2012-02-12,Sun,1473,砂大萬,Special,2817/12,Tiger Cage / 老虎笼,Magnum 4D 萬能
2012-02-12,Sun,1473,砂大萬,Special,2817/12,TIGER CAGE,Damacai 大馬彩
2012-02-12,Sun,1473,砂大萬,Special,2817/12,Tiger cage / 虎闸,Sports Toto 多多
2012-02-05,Sun,1473,星池,Special,3282/2012,Tiger Cage / 老虎笼,Magnum 4D 萬能
2012-02-05,Sun,1473,星池,Special,3282/2012,TIGER CAGE,Damacai 大馬彩
2012-02-05,Sun,1473,星池,Special,3282/2012,Tiger cage / 虎闸,Sports Toto 多多
2012-01-17,Tue,1473,砂大萬,Consolation,2802/12,Tiger Cage / 老虎笼,Magnum 4D 萬能
2012-01-17,Tue,1473,砂大萬,Consolation,2802/12,TIGER CAGE,Damacai 大馬彩
2012-01-17,Tue,1473,砂大萬,Consolation,2802/12,Tiger cage / 虎闸,Sports Toto 多多
2011-08-27,Sat,1473,大馬彩,Special,3520/11,Tiger Cage / 老虎笼,Magnum 4D 萬能
2011-08-27,Sat,1473,大馬彩,Special,3520/11,TIGER CAGE,Damacai 大馬彩
2011-08-27,Sat,1473,大馬彩,Special,3520/11,Tiger cage / 虎闸,Sports Toto 多多
2011-05-15,Sun,1473,萬能,Special,748/11,Tiger Cage / 老虎笼,Magnum 4D 萬能
2011-05-15,Sun,1473,萬能,Special,748/11,TIGER CAGE,Damacai 大馬彩
2011-05-15,Sun,1473,萬能,Special,748/11,Tiger cage / 虎闸,Sports Toto 多多
2010-03-30,Tue,1473,沙巴彩,Special,1392/10,Tiger Cage / 老虎笼,Magnum 4D 萬能
2010-03-30,Tue,1473,沙巴彩,Special,1392/10,TIGER CAGE,Damacai 大馬彩
2010-03-30,Tue,1473,沙巴彩,Special,1392/10,Tiger cage / 虎闸,Sports Toto 多多
2009-11-04,Wed,1473,砂大萬,Special,2413/09,Tiger Cage / 老虎笼,Magnum 4D 萬能
2009-11-04,Wed,1473,砂大萬,Special,2413/09,TIGER CAGE,Damacai 大馬彩
2009-11-04,Wed,1473,砂大萬,Special,2413/09,Tiger cage / 虎闸,Sports Toto 多多
2009-03-21,Sat,1473,萬能,Special,365/09,Tiger Cage / 老虎笼,Magnum 4D 萬能
2009-03-21,Sat,1473,萬能,Special,365/09,TIGER CAGE,Damacai 大馬彩
2009-03-21,Sat,1473,萬能,Special,365/09,Tiger cage / 虎闸,Sports Toto 多多
2009-02-15,Sun,1473,山打根馬會,Consolation,024/09,Tiger Cage / 老虎笼,Magnum 4D 萬能
2009-02-15,Sun,1473,山打根馬會,Consolation,024/09,TIGER CAGE,Damacai 大馬彩
2009-02-15,Sun,1473,山打根馬會,Consolation,024/09,Tiger cage / 虎闸,Sports Toto 多多
2008-10-19,Sun,1473,萬能,Consolation,295/08,Tiger Cage / 老虎笼,Magnum 4D 萬能
2008-10-19,Sun,1473,萬能,Consolation,295/08,TIGER CAGE,Damacai 大馬彩
2008-10-19,Sun,1473,萬能,Consolation,295/08,Tiger cage / 虎闸,Sports Toto 多多
2008-08-23,Sat,1473,山打根馬會,Consolation,104/08,Tiger Cage / 老虎笼,Magnum 4D 萬能
2008-08-23,Sat,1473,山打根馬會,Consolation,104/08,TIGER CAGE,Damacai 大馬彩
2008-08-23,Sat,1473,山打根馬會,Consolation,104/08,Tiger cage / 虎闸,Sports Toto 多多
2008-06-25,Wed,1473,山打根馬會,Consolation,79/08,Tiger Cage / 老虎笼,Magnum 4D 萬能
2008-06-25,Wed,1473,山打根馬會,Consolation,79/08,TIGER CAGE,Damacai 大馬彩
2008-06-25,Wed,1473,山打根馬會,Consolation,79/08,Tiger cage / 虎闸,Sports Toto 多多
2008-03-02,Sun,1473,沙巴彩,1ST,1040/08,Tiger Cage / 老虎笼,Magnum 4D 萬能
2008-03-02,Sun,1473,沙巴彩,1ST,1040/08,TIGER CAGE,Damacai 大馬彩
2008-03-02,Sun,1473,沙巴彩,1ST,1040/08,Tiger cage / 虎闸,Sports Toto 多多
2007-03-21,Wed,1473,萬能,Special,037/07,Tiger Cage / 老虎笼,Magnum 4D 萬能
2007-03-21,Wed,1473,萬能,Special,037/07,TIGER CAGE,Damacai 大馬彩
2007-03-21,Wed,1473,萬能,Special,037/07,Tiger cage / 虎闸,Sports Toto 多多
2006-04-19,Wed,1473,萬能,Special,047/06,Tiger Cage / 老虎笼,Magnum 4D 萬能
2006-04-19,Wed,1473,萬能,Special,047/06,TIGER CAGE,Damacai 大馬彩
2006-04-19,Wed,1473,萬能,Special,047/06,Tiger cage / 虎闸,Sports Toto 多多
2006-01-18,Wed,1473,多多,Consolation,2616/06,Tiger Cage / 老虎笼,Magnum 4D 萬能
2006-01-18,Wed,1473,多多,Consolation,2616/06,TIGER CAGE,Damacai 大馬彩
2006-01-18,Wed,1473,多多,Consolation,2616/06,Tiger cage / 虎闸,Sports Toto 多多
2004-09-25,Sat,1473,大馬彩,Consolation,2338/04,Tiger Cage / 老虎笼,Magnum 4D 萬能
2004-09-25,Sat,1473,大馬彩,Consolation,2338/04,TIGER CAGE,Damacai 大馬彩
2004-09-25,Sat,1473,大馬彩,Consolation,2338/04,Tiger cage / 虎闸,Sports Toto 多多
2004-03-24,Wed,1473,多多,Special,2309/04,Tiger Cage / 老虎笼,Magnum 4D 萬能
2004-03-24,Wed,1473,多多,Special,2309/04,TIGER CAGE,Damacai 大馬彩
2004-03-24,Wed,1473,多多,Special,2309/04,Tiger cage / 虎闸,Sports Toto 多多
2004-02-08,Sun,1473,星池,Consolation,2031/2004,Tiger Cage / 老虎笼,Magnum 4D 萬能
2004-02-08,Sun,1473,星池,Consolation,2031/2004,TIGER CAGE,Damacai 大馬彩
2004-02-08,Sun,1473,星池,Consolation,2031/2004,Tiger cage / 虎闸,Sports Toto 多多
2003-09-07,Sun,1473,星池,Special,1965/2003,Tiger Cage / 老虎笼,Magnum 4D 萬能
2003-09-07,Sun,1473,星池,Special,1965/2003,TIGER CAGE,Damacai 大馬彩
2003-09-07,Sun,1473,星池,Special,1965/2003,Tiger cage / 虎闸,Sports Toto 多多
2003-08-30,Sat,1473,沙巴彩,Consolation,283/03,Tiger Cage / 老虎笼,Magnum 4D 萬能
2003-08-30,Sat,1473,沙巴彩,Consolation,283/03,TIGER CAGE,Damacai 大馬彩
2003-08-30,Sat,1473,沙巴彩,Consolation,283/03,Tiger cage / 虎闸,Sports Toto 多多
2003-05-24,Sat,1473,大馬彩,1ST,2117/03,Tiger Cage / 老虎笼,Magnum 4D 萬能
2003-05-24,Sat,1473,大馬彩,1ST,2117/03,TIGER CAGE,Damacai 大馬彩
2003-05-24,Sat,1473,大馬彩,1ST,2117/03,Tiger cage / 虎闸,Sports Toto 多多
2002-07-14,Sun,1473,沙巴彩,Special,100/02,Tiger Cage / 老虎笼,Magnum 4D 萬能
2002-07-14,Sun,1473,沙巴彩,Special,100/02,TIGER CAGE,Damacai 大馬彩
2002-07-14,Sun,1473,沙巴彩,Special,100/02,Tiger cage / 虎闸,Sports Toto 多多
2002-05-19,Sun,1473,星池,Consolation,1761/2002,Tiger Cage / 老虎笼,Magnum 4D 萬能
2002-05-19,Sun,1473,星池,Consolation,1761/2002,TIGER CAGE,Damacai 大馬彩
2002-05-19,Sun,1473,星池,Consolation,1761/2002,Tiger cage / 虎闸,Sports Toto 多多
2002-03-06,Wed,1473,大馬彩,Special,1916/02,Tiger Cage / 老虎笼,Magnum 4D 萬能
2002-03-06,Wed,1473,大馬彩,Special,1916/02,TIGER CAGE,Damacai 大馬彩
2002-03-06,Wed,1473,大馬彩,Special,1916/02,Tiger cage / 虎闸,Sports Toto 多多
2002-03-03,Sun,1473,山打根馬會,Consolation,28/02,Tiger Cage / 老虎笼,Magnum 4D 萬能
2002-03-03,Sun,1473,山打根馬會,Consolation,28/02,TIGER CAGE,Damacai 大馬彩
2002-03-03,Sun,1473,山打根馬會,Consolation,28/02,Tiger cage / 虎闸,Sports Toto 多多
2002-01-30,Wed,1473,多多,Special,1954/02,Tiger Cage / 老虎笼,Magnum 4D 萬能
2002-01-30,Wed,1473,多多,Special,1954/02,TIGER CAGE,Damacai 大馬彩
2002-01-30,Wed,1473,多多,Special,1954/02,Tiger cage / 虎闸,Sports Toto 多多
2001-12-29,Sat,1473,山打根馬會,Special,162/2001,Tiger Cage / 老虎笼,Magnum 4D 萬能
2001-12-29,Sat,1473,山打根馬會,Special,162/2001,TIGER CAGE,Damacai 大馬彩
2001-12-29,Sat,1473,山打根馬會,Special,162/2001,Tiger cage / 虎闸,Sports Toto 多多
2001-12-29,Sat,1473,萬能,Consolation,155/01,Tiger Cage / 老虎笼,Magnum 4D 萬能
2001-12-29,Sat,1473,萬能,Consolation,155/01,TIGER CAGE,Damacai 大馬彩
2001-12-29,Sat,1473,萬能,Consolation,155/01,Tiger cage / 虎闸,Sports Toto 多多
1999-11-06,Sat,1473,大馬彩,Consolation,1538/99,Tiger Cage / 老虎笼,Magnum 4D 萬能
1999-11-06,Sat,1473,大馬彩,Consolation,1538/99,TIGER CAGE,Damacai 大馬彩
1999-11-06,Sat,1473,大馬彩,Consolation,1538/99,Tiger cage / 虎闸,Sports Toto 多多
1999-04-25,Sun,1473,萬能,Consolation,050/99,Tiger Cage / 老虎笼,Magnum 4D 萬能
1999-04-25,Sun,1473,萬能,Consolation,050/99,TIGER CAGE,Damacai 大馬彩
1999-04-25,Sun,1473,萬能,Consolation,050/99,Tiger cage / 虎闸,Sports Toto 多多
1999-04-10,Sat,1473,多多,Consolation,1495/99,Tiger Cage / 老虎笼,Magnum 4D 萬能
1999-04-10,Sat,1473,多多,Consolation,1495/99,TIGER CAGE,Damacai 大馬彩
1999-04-10,Sat,1473,多多,Consolation,1495/99,Tiger cage / 虎闸,Sports Toto 多多
1999-01-09,Sat,1473,多多,Consolation,1455/99,Tiger Cage / 老虎笼,Magnum 4D 萬能
1999-01-09,Sat,1473,多多,Consolation,1455/99,TIGER CAGE,Damacai 大馬彩
1999-01-09,Sat,1473,多多,Consolation,1455/99,Tiger cage / 虎闸,Sports Toto 多多
1998-12-05,Sat,1473,砂大萬,1ST,0597/98,Tiger Cage / 老虎笼,Magnum 4D 萬能
1998-12-05,Sat,1473,砂大萬,1ST,0597/98,TIGER CAGE,Damacai 大馬彩
1998-12-05,Sat,1473,砂大萬,1ST,0597/98,Tiger cage / 虎闸,Sports Toto 多多
1998-11-28,Sat,1473,砂大萬,Special,0594/98,Tiger Cage / 老虎笼,Magnum 4D 萬能
1998-11-28,Sat,1473,砂大萬,Special,0594/98,TIGER CAGE,Damacai 大馬彩
1998-11-28,Sat,1473,砂大萬,Special,0594/98,Tiger cage / 虎闸,Sports Toto 多多
1998-08-23,Sun,1473,大馬彩,3RD,1341/98,Tiger Cage / 老虎笼,Magnum 4D 萬能
1998-08-23,Sun,1473,大馬彩,3RD,1341/98,TIGER CAGE,Damacai 大馬彩
1998-08-23,Sun,1473,大馬彩,3RD,1341/98,Tiger cage / 虎闸,Sports Toto 多多
1998-07-29,Wed,1473,萬能,Special,090/98,Tiger Cage / 老虎笼,Magnum 4D 萬能
1998-07-29,Wed,1473,萬能,Special,090/98,TIGER CAGE,Damacai 大馬彩
1998-07-29,Wed,1473,萬能,Special,090/98,Tiger cage / 虎闸,Sports Toto 多多
1998-04-11,Sat,1473,多多,Consolation,1336/98,Tiger Cage / 老虎笼,Magnum 4D 萬能
1998-04-11,Sat,1473,多多,Consolation,1336/98,TIGER CAGE,Damacai 大馬彩
1998-04-11,Sat,1473,多多,Consolation,1336/98,Tiger cage / 虎闸,Sports Toto 多多
1997-09-20,Sat,1473,星池,Consolation,D19970920,Tiger Cage / 老虎笼,Magnum 4D 萬能
1997-09-20,Sat,1473,星池,Consolation,D19970920,TIGER CAGE,Damacai 大馬彩
1997-09-20,Sat,1473,星池,Consolation,D19970920,Tiger cage / 虎闸,Sports Toto 多多
1996-08-21,Wed,1473,砂大萬,Special,0238/96,Tiger Cage / 老虎笼,Magnum 4D 萬能
1996-08-21,Wed,1473,砂大萬,Special,0238/96,TIGER CAGE,Damacai 大馬彩
1996-08-21,Wed,1473,砂大萬,Special,0238/96,Tiger cage / 虎闸,Sports Toto 多多
1995-12-30,Sat,1473,山打根馬會,Consolation,139/1995,Tiger Cage / 老虎笼,Magnum 4D 萬能
1995-12-30,Sat,1473,山打根馬會,Consolation,139/1995,TIGER CAGE,Damacai 大馬彩
1995-12-30,Sat,1473,山打根馬會,Consolation,139/1995,Tiger cage / 虎闸,Sports Toto 多多
1995-07-01,Sat,1473,多多,Special,901/95,Tiger Cage / 老虎笼,Magnum 4D 萬能
1995-07-01,Sat,1473,多多,Special,901/95,TIGER CAGE,Damacai 大馬彩
1995-07-01,Sat,1473,多多,Special,901/95,Tiger cage / 虎闸,Sports Toto 多多
1995-06-03,Sat,1473,星池,Consolation,D19950603,Tiger Cage / 老虎笼,Magnum 4D 萬能
1995-06-03,Sat,1473,星池,Consolation,D19950603,TIGER CAGE,Damacai 大馬彩
1995-06-03,Sat,1473,星池,Consolation,D19950603,Tiger cage / 虎闸,Sports Toto 多多
1993-08-15,Sun,1473,大馬彩,Special,0555/93,Tiger Cage / 老虎笼,Magnum 4D 萬能
1993-08-15,Sun,1473,大馬彩,Special,0555/93,TIGER CAGE,Damacai 大馬彩
1993-08-15,Sun,1473,大馬彩,Special,0555/93,Tiger cage / 虎闸,Sports Toto 多多
1992-05-10,Sun,1473,星池,Consolation,D19920510,Tiger Cage / 老虎笼,Magnum 4D 萬能
1992-05-10,Sun,1473,星池,Consolation,D19920510,TIGER CAGE,Damacai 大馬彩
1992-05-10,Sun,1473,星池,Consolation,D19920510,Tiger cage / 虎闸,Sports Toto 多多
1992-01-27,Mon,1473,萬能,Special,012/92,Tiger Cage / 老虎笼,Magnum 4D 萬能
1992-01-27,Mon,1473,萬能,Special,012/92,TIGER CAGE,Damacai 大馬彩
1992-01-27,Mon,1473,萬能,Special,012/92,Tiger cage / 虎闸,Sports Toto 多多
1991-09-30,Mon,1473,萬能,Consolation,117/91,Tiger Cage / 老虎笼,Magnum 4D 萬能
1991-09-30,Mon,1473,萬能,Consolation,117/91,TIGER CAGE,Damacai 大馬彩
1991-09-30,Mon,1473,萬能,Consolation,117/91,Tiger cage / 虎闸,Sports Toto 多多
1991-06-01,Sat,1473,大馬彩,Consolation,0209/91,Tiger Cage / 老虎笼,Magnum 4D 萬能
1991-06-01,Sat,1473,大馬彩,Consolation,0209/91,TIGER CAGE,Damacai 大馬彩
1991-06-01,Sat,1473,大馬彩,Consolation,0209/91,Tiger cage / 虎闸,Sports Toto 多多
1990-12-27,Thu,1473,萬能,Consolation,155/90,Tiger Cage / 老虎笼,Magnum 4D 萬能
1990-12-27,Thu,1473,萬能,Consolation,155/90,TIGER CAGE,Damacai 大馬彩
1990-12-27,Thu,1473,萬能,Consolation,155/90,Tiger cage / 虎闸,Sports Toto 多多
1988-08-06,Sat,1473,萬能,Special,094/88,Tiger Cage / 老虎笼,Magnum 4D 萬能
1988-08-06,Sat,1473,萬能,Special,094/88,TIGER CAGE,Damacai 大馬彩
1988-08-06,Sat,1473,萬能,Special,094/88,Tiger cage / 虎闸,Sports Toto 多多
1988-02-11,Thu,1473,萬能,Consolation,018/88,Tiger Cage / 老虎笼,Magnum 4D 萬能
1988-02-11,Thu,1473,萬能,Consolation,018/88,TIGER CAGE,Damacai 大馬彩
1988-02-11,Thu,1473,萬能,Consolation,018/88,Tiger cage / 虎闸,Sports Toto 多多
1987-03-08,Sun,1473,星池,Special,D19870308,Tiger Cage / 老虎笼,Magnum 4D 萬能
1987-03-08,Sun,1473,星池,Special,D19870308,TIGER CAGE,Damacai 大馬彩
1987-03-08,Sun,1473,星池,Special,D19870308,Tiger cage / 虎闸,Sports Toto 多多
1985-05-09,Thu,1473,萬能,Special,007/85,Tiger Cage / 老虎笼,Magnum 4D 萬能
1985-05-09,Thu,1473,萬能,Special,007/85,TIGER CAGE,Damacai 大馬彩
1985-05-09,Thu,1473,萬能,Special,007/85,Tiger cage / 虎闸,Sports Toto 多多
