开彩日期,开彩日,彩号,秦庄,彩金,抽奖,图译,秦典
2023-09-20,Wed,3377,大馬彩,Consolation,5641/23,Competition Flag / 比赛旗,Magnum 4D 萬能
2023-09-20,Wed,3377,大馬彩,Consolation,5641/23,FLAG,Damacai 大馬彩
2023-09-20,Wed,3377,大馬彩,Consolation,5641/23,Flag / 赛圆旗,Sports Toto 多多
2023-08-20,Sun,3377,萬能,Consolation,916/23,Competition Flag / 比赛旗,Magnum 4D 萬能
2023-08-20,Sun,3377,萬能,Consolation,916/23,FLAG,Damacai 大馬彩
2023-08-20,Sun,3377,萬能,Consolation,916/23,Flag / 赛圆旗,Sports Toto 多多
2023-02-22,Wed,3377,大馬彩,Special,5547/23,Competition Flag / 比赛旗,Magnum 4D 萬能
2023-02-22,Wed,3377,大馬彩,Special,5547/23,FLAG,Damacai 大馬彩
2023-02-22,Wed,3377,大馬彩,Special,5547/23,Flag / 赛圆旗,Sports Toto 多多
2023-01-01,Sun,3377,沙巴彩,Consolation,3642/23,Competition Flag / 比赛旗,Magnum 4D 萬能
2023-01-01,Sun,3377,沙巴彩,Consolation,3642/23,FLAG,Damacai 大馬彩
2023-01-01,Sun,3377,沙巴彩,Consolation,3642/23,Flag / 赛圆旗,Sports Toto 多多
2021-11-20,Sat,3377,星池,Special,4781,Competition Flag / 比赛旗,Magnum 4D 萬能
2021-11-20,Sat,3377,星池,Special,4781,FLAG,Damacai 大馬彩
2021-11-20,Sat,3377,星池,Special,4781,Flag / 赛圆旗,Sports Toto 多多
2021-02-10,Wed,3377,萬能,Special,475/21,Competition Flag / 比赛旗,Magnum 4D 萬能
2021-02-10,Wed,3377,萬能,Special,475/21,FLAG,Damacai 大馬彩
2021-02-10,Wed,3377,萬能,Special,475/21,Flag / 赛圆旗,Sports Toto 多多
2020-07-22,Wed,3377,砂大萬,Consolation,4304/20,Competition Flag / 比赛旗,Magnum 4D 萬能
2020-07-22,Wed,3377,砂大萬,Consolation,4304/20,FLAG,Damacai 大馬彩
2020-07-22,Wed,3377,砂大萬,Consolation,4304/20,Flag / 赛圆旗,Sports Toto 多多
2019-12-14,Sat,3377,星池,Consolation,4511,Competition Flag / 比赛旗,Magnum 4D 萬能
2019-12-14,Sat,3377,星池,Consolation,4511,FLAG,Damacai 大馬彩
2019-12-14,Sat,3377,星池,Consolation,4511,Flag / 赛圆旗,Sports Toto 多多
2019-09-29,Sun,3377,星池,Special,4479,Competition Flag / 比赛旗,Magnum 4D 萬能
2019-09-29,Sun,3377,星池,Special,4479,FLAG,Damacai 大馬彩
2019-09-29,Sun,3377,星池,Special,4479,Flag / 赛圆旗,Sports Toto 多多
2019-06-09,Sun,3377,砂大萬,Consolation,4117/19,Competition Flag / 比赛旗,Magnum 4D 萬能
2019-06-09,Sun,3377,砂大萬,Consolation,4117/19,FLAG,Damacai 大馬彩
2019-06-09,Sun,3377,砂大萬,Consolation,4117/19,Flag / 赛圆旗,Sports Toto 多多
2019-05-15,Wed,3377,砂大萬,Consolation,4106/19,Competition Flag / 比赛旗,Magnum 4D 萬能
2019-05-15,Wed,3377,砂大萬,Consolation,4106/19,FLAG,Damacai 大馬彩
2019-05-15,Wed,3377,砂大萬,Consolation,4106/19,Flag / 赛圆旗,Sports Toto 多多
2019-01-16,Wed,3377,星池,Consolation,4369,Competition Flag / 比赛旗,Magnum 4D 萬能
2019-01-16,Wed,3377,星池,Consolation,4369,FLAG,Damacai 大馬彩
2019-01-16,Wed,3377,星池,Consolation,4369,Flag / 赛圆旗,Sports Toto 多多
2018-08-29,Wed,3377,萬能,Special,060/18,Competition Flag / 比赛旗,Magnum 4D 萬能
2018-08-29,Wed,3377,萬能,Special,060/18,FLAG,Damacai 大馬彩
2018-08-29,Wed,3377,萬能,Special,060/18,Flag / 赛圆旗,Sports Toto 多多
2018-07-08,Sun,3377,萬能,Special,034/18,Competition Flag / 比赛旗,Magnum 4D 萬能
2018-07-08,Sun,3377,萬能,Special,034/18,FLAG,Damacai 大馬彩
2018-07-08,Sun,3377,萬能,Special,034/18,Flag / 赛圆旗,Sports Toto 多多
2018-04-04,Wed,3377,星池,Special,4246,Competition Flag / 比赛旗,Magnum 4D 萬能
2018-04-04,Wed,3377,星池,Special,4246,FLAG,Damacai 大馬彩
2018-04-04,Wed,3377,星池,Special,4246,Flag / 赛圆旗,Sports Toto 多多
2018-03-14,Wed,3377,大馬彩,Consolation,4692/18,Competition Flag / 比赛旗,Magnum 4D 萬能
2018-03-14,Wed,3377,大馬彩,Consolation,4692/18,FLAG,Damacai 大馬彩
2018-03-14,Wed,3377,大馬彩,Consolation,4692/18,Flag / 赛圆旗,Sports Toto 多多
2017-12-09,Sat,3377,萬能,Special,928/17,Competition Flag / 比赛旗,Magnum 4D 萬能
2017-12-09,Sat,3377,萬能,Special,928/17,FLAG,Damacai 大馬彩
2017-12-09,Sat,3377,萬能,Special,928/17,Flag / 赛圆旗,Sports Toto 多多
2017-03-26,Sun,3377,星池,Special,4086,Competition Flag / 比赛旗,Magnum 4D 萬能
2017-03-26,Sun,3377,星池,Special,4086,FLAG,Damacai 大馬彩
2017-03-26,Sun,3377,星池,Special,4086,Flag / 赛圆旗,Sports Toto 多多
2016-12-28,Wed,3377,沙巴彩,Consolation,2593/16,Competition Flag / 比赛旗,Magnum 4D 萬能
2016-12-28,Wed,3377,沙巴彩,Consolation,2593/16,FLAG,Damacai 大馬彩
2016-12-28,Wed,3377,沙巴彩,Consolation,2593/16,Flag / 赛圆旗,Sports Toto 多多
2016-10-26,Wed,3377,多多,1ST,4496/16,Competition Flag / 比赛旗,Magnum 4D 萬能
2016-10-26,Wed,3377,多多,1ST,4496/16,FLAG,Damacai 大馬彩
2016-10-26,Wed,3377,多多,1ST,4496/16,Flag / 赛圆旗,Sports Toto 多多
2016-06-12,Sun,3377,砂大萬,Special,3589/16,Competition Flag / 比赛旗,Magnum 4D 萬能
2016-06-12,Sun,3377,砂大萬,Special,3589/16,FLAG,Damacai 大馬彩
2016-06-12,Sun,3377,砂大萬,Special,3589/16,Flag / 赛圆旗,Sports Toto 多多
2015-11-22,Sun,3377,多多,Special,4330/15,Competition Flag / 比赛旗,Magnum 4D 萬能
2015-11-22,Sun,3377,多多,Special,4330/15,FLAG,Damacai 大馬彩
2015-11-22,Sun,3377,多多,Special,4330/15,Flag / 赛圆旗,Sports Toto 多多
2015-10-28,Wed,3377,星池,Consolation,3865,Competition Flag / 比赛旗,Magnum 4D 萬能
2015-10-28,Wed,3377,星池,Consolation,3865,FLAG,Damacai 大馬彩
2015-10-28,Wed,3377,星池,Consolation,3865,Flag / 赛圆旗,Sports Toto 多多
2015-07-25,Sat,3377,星池,Special,3824,Competition Flag / 比赛旗,Magnum 4D 萬能
2015-07-25,Sat,3377,星池,Special,3824,FLAG,Damacai 大馬彩
2015-07-25,Sat,3377,星池,Special,3824,Flag / 赛圆旗,Sports Toto 多多
2015-04-07,Tue,3377,多多,Special,4220/15,Competition Flag / 比赛旗,Magnum 4D 萬能
2015-04-07,Tue,3377,多多,Special,4220/15,FLAG,Damacai 大馬彩
2015-04-07,Tue,3377,多多,Special,4220/15,Flag / 赛圆旗,Sports Toto 多多
2015-02-08,Sun,3377,沙巴彩,Special,2257/15,Competition Flag / 比赛旗,Magnum 4D 萬能
2015-02-08,Sun,3377,沙巴彩,Special,2257/15,FLAG,Damacai 大馬彩
2015-02-08,Sun,3377,沙巴彩,Special,2257/15,Flag / 赛圆旗,Sports Toto 多多
2015-01-27,Tue,3377,萬能,1ST,407/15,Competition Flag / 比赛旗,Magnum 4D 萬能
2015-01-27,Tue,3377,萬能,1ST,407/15,FLAG,Damacai 大馬彩
2015-01-27,Tue,3377,萬能,1ST,407/15,Flag / 赛圆旗,Sports Toto 多多
2014-03-02,Sun,3377,砂大萬,Consolation,3183/14,Competition Flag / 比赛旗,Magnum 4D 萬能
2014-03-02,Sun,3377,砂大萬,Consolation,3183/14,FLAG,Damacai 大馬彩
2014-03-02,Sun,3377,砂大萬,Consolation,3183/14,Flag / 赛圆旗,Sports Toto 多多
2013-12-18,Wed,3377,沙巴彩,Consolation,2052/13,Competition Flag / 比赛旗,Magnum 4D 萬能
2013-12-18,Wed,3377,沙巴彩,Consolation,2052/13,FLAG,Damacai 大馬彩
2013-12-18,Wed,3377,沙巴彩,Consolation,2052/13,Flag / 赛圆旗,Sports Toto 多多
2013-11-13,Wed,3377,多多,Special,3969/13,Competition Flag / 比赛旗,Magnum 4D 萬能
2013-11-13,Wed,3377,多多,Special,3969/13,FLAG,Damacai 大馬彩
2013-11-13,Wed,3377,多多,Special,3969/13,Flag / 赛圆旗,Sports Toto 多多
2013-10-20,Sun,3377,砂大萬,Consolation,3116/13,Competition Flag / 比赛旗,Magnum 4D 萬能
2013-10-20,Sun,3377,砂大萬,Consolation,3116/13,FLAG,Damacai 大馬彩
2013-10-20,Sun,3377,砂大萬,Consolation,3116/13,Flag / 赛圆旗,Sports Toto 多多
2013-07-28,Sun,3377,山打根馬會,Special,103/13,Competition Flag / 比赛旗,Magnum 4D 萬能
2013-07-28,Sun,3377,山打根馬會,Special,103/13,FLAG,Damacai 大馬彩
2013-07-28,Sun,3377,山打根馬會,Special,103/13,Flag / 赛圆旗,Sports Toto 多多
2013-07-14,Sun,3377,多多,3RD,3911/13,Competition Flag / 比赛旗,Magnum 4D 萬能
2013-07-14,Sun,3377,多多,3RD,3911/13,FLAG,Damacai 大馬彩
2013-07-14,Sun,3377,多多,3RD,3911/13,Flag / 赛圆旗,Sports Toto 多多
2012-01-07,Sat,3377,萬能,Consolation,860/12,Competition Flag / 比赛旗,Magnum 4D 萬能
2012-01-07,Sat,3377,萬能,Consolation,860/12,FLAG,Damacai 大馬彩
2012-01-07,Sat,3377,萬能,Consolation,860/12,Flag / 赛圆旗,Sports Toto 多多
2011-10-30,Sun,3377,多多,1ST,3605/11,Competition Flag / 比赛旗,Magnum 4D 萬能
2011-10-30,Sun,3377,多多,1ST,3605/11,FLAG,Damacai 大馬彩
2011-10-30,Sun,3377,多多,1ST,3605/11,Flag / 赛圆旗,Sports Toto 多多
2011-10-29,Sat,3377,萬能,Consolation,826/11,Competition Flag / 比赛旗,Magnum 4D 萬能
2011-10-29,Sat,3377,萬能,Consolation,826/11,FLAG,Damacai 大馬彩
2011-10-29,Sat,3377,萬能,Consolation,826/11,Flag / 赛圆旗,Sports Toto 多多
2011-10-16,Sun,3377,沙巴彩,Special,1664/11,Competition Flag / 比赛旗,Magnum 4D 萬能
2011-10-16,Sun,3377,沙巴彩,Special,1664/11,FLAG,Damacai 大馬彩
2011-10-16,Sun,3377,沙巴彩,Special,1664/11,Flag / 赛圆旗,Sports Toto 多多
2011-08-31,Wed,3377,砂大萬,Special,2734/11,Competition Flag / 比赛旗,Magnum 4D 萬能
2011-08-31,Wed,3377,砂大萬,Special,2734/11,FLAG,Damacai 大馬彩
2011-08-31,Wed,3377,砂大萬,Special,2734/11,Flag / 赛圆旗,Sports Toto 多多
2011-03-26,Sat,3377,星池,3RD,3146/2011,Competition Flag / 比赛旗,Magnum 4D 萬能
2011-03-26,Sat,3377,星池,3RD,3146/2011,FLAG,Damacai 大馬彩
2011-03-26,Sat,3377,星池,3RD,3146/2011,Flag / 赛圆旗,Sports Toto 多多
2010-08-28,Sat,3377,沙巴彩,Consolation,1465/10,Competition Flag / 比赛旗,Magnum 4D 萬能
2010-08-28,Sat,3377,沙巴彩,Consolation,1465/10,FLAG,Damacai 大馬彩
2010-08-28,Sat,3377,沙巴彩,Consolation,1465/10,Flag / 赛圆旗,Sports Toto 多多
2010-02-28,Sun,3377,砂大萬,Special,2471/10,Competition Flag / 比赛旗,Magnum 4D 萬能
2010-02-28,Sun,3377,砂大萬,Special,2471/10,FLAG,Damacai 大馬彩
2010-02-28,Sun,3377,砂大萬,Special,2471/10,Flag / 赛圆旗,Sports Toto 多多
2010-01-17,Sun,3377,山打根馬會,Consolation,08/10,Competition Flag / 比赛旗,Magnum 4D 萬能
2010-01-17,Sun,3377,山打根馬會,Consolation,08/10,FLAG,Damacai 大馬彩
2010-01-17,Sun,3377,山打根馬會,Consolation,08/10,Flag / 赛圆旗,Sports Toto 多多
2009-10-31,Sat,3377,星池,Special,2927/2009,Competition Flag / 比赛旗,Magnum 4D 萬能
2009-10-31,Sat,3377,星池,Special,2927/2009,FLAG,Damacai 大馬彩
2009-10-31,Sat,3377,星池,Special,2927/2009,Flag / 赛圆旗,Sports Toto 多多
2009-08-01,Sat,3377,山打根馬會,1ST,102/09,Competition Flag / 比赛旗,Magnum 4D 萬能
2009-08-01,Sat,3377,山打根馬會,1ST,102/09,FLAG,Damacai 大馬彩
2009-08-01,Sat,3377,山打根馬會,1ST,102/09,Flag / 赛圆旗,Sports Toto 多多
2008-11-22,Sat,3377,多多,Special,3089/08,Competition Flag / 比赛旗,Magnum 4D 萬能
2008-11-22,Sat,3377,多多,Special,3089/08,FLAG,Damacai 大馬彩
2008-11-22,Sat,3377,多多,Special,3089/08,Flag / 赛圆旗,Sports Toto 多多
2008-07-13,Sun,3377,大馬彩,Consolation,2978/08,Competition Flag / 比赛旗,Magnum 4D 萬能
2008-07-13,Sun,3377,大馬彩,Consolation,2978/08,FLAG,Damacai 大馬彩
2008-07-13,Sun,3377,大馬彩,Consolation,2978/08,Flag / 赛圆旗,Sports Toto 多多
2008-04-27,Sun,3377,多多,Special,2998/08,Competition Flag / 比赛旗,Magnum 4D 萬能
2008-04-27,Sun,3377,多多,Special,2998/08,FLAG,Damacai 大馬彩
2008-04-27,Sun,3377,多多,Special,2998/08,Flag / 赛圆旗,Sports Toto 多多
2007-12-05,Wed,3377,砂大萬,Special,2094/07,Competition Flag / 比赛旗,Magnum 4D 萬能
2007-12-05,Wed,3377,砂大萬,Special,2094/07,FLAG,Damacai 大馬彩
2007-12-05,Wed,3377,砂大萬,Special,2094/07,Flag / 赛圆旗,Sports Toto 多多
2007-10-13,Sat,3377,山打根馬會,Special,130/07,Competition Flag / 比赛旗,Magnum 4D 萬能
2007-10-13,Sat,3377,山打根馬會,Special,130/07,FLAG,Damacai 大馬彩
2007-10-13,Sat,3377,山打根馬會,Special,130/07,Flag / 赛圆旗,Sports Toto 多多
2007-10-06,Sat,3377,沙巴彩,Special,971/07,Competition Flag / 比赛旗,Magnum 4D 萬能
2007-10-06,Sat,3377,沙巴彩,Special,971/07,FLAG,Damacai 大馬彩
2007-10-06,Sat,3377,沙巴彩,Special,971/07,Flag / 赛圆旗,Sports Toto 多多
2007-09-05,Wed,3377,沙巴彩,Special,958/07,Competition Flag / 比赛旗,Magnum 4D 萬能
2007-09-05,Wed,3377,沙巴彩,Special,958/07,FLAG,Damacai 大馬彩
2007-09-05,Wed,3377,沙巴彩,Special,958/07,Flag / 赛圆旗,Sports Toto 多多
2007-08-18,Sat,3377,星池,Special,2582/2007,Competition Flag / 比赛旗,Magnum 4D 萬能
2007-08-18,Sat,3377,星池,Special,2582/2007,FLAG,Damacai 大馬彩
2007-08-18,Sat,3377,星池,Special,2582/2007,Flag / 赛圆旗,Sports Toto 多多
2005-12-21,Wed,3377,萬能,Consolation,153/05,Competition Flag / 比赛旗,Magnum 4D 萬能
2005-12-21,Wed,3377,萬能,Consolation,153/05,FLAG,Damacai 大馬彩
2005-12-21,Wed,3377,萬能,Consolation,153/05,Flag / 赛圆旗,Sports Toto 多多
2005-12-17,Sat,3377,大馬彩,Special,2547/05,Competition Flag / 比赛旗,Magnum 4D 萬能
2005-12-17,Sat,3377,大馬彩,Special,2547/05,FLAG,Damacai 大馬彩
2005-12-17,Sat,3377,大馬彩,Special,2547/05,Flag / 赛圆旗,Sports Toto 多多
2005-10-08,Sat,3377,萬能,Consolation,121/05,Competition Flag / 比赛旗,Magnum 4D 萬能
2005-10-08,Sat,3377,萬能,Consolation,121/05,FLAG,Damacai 大馬彩
2005-10-08,Sat,3377,萬能,Consolation,121/05,Flag / 赛圆旗,Sports Toto 多多
2005-10-05,Wed,3377,星池,Consolation,2290/2005,Competition Flag / 比赛旗,Magnum 4D 萬能
2005-10-05,Wed,3377,星池,Consolation,2290/2005,FLAG,Damacai 大馬彩
2005-10-05,Wed,3377,星池,Consolation,2290/2005,Flag / 赛圆旗,Sports Toto 多多
2005-10-02,Sun,3377,山打根馬會,Special,132/05,Competition Flag / 比赛旗,Magnum 4D 萬能
2005-10-02,Sun,3377,山打根馬會,Special,132/05,FLAG,Damacai 大馬彩
2005-10-02,Sun,3377,山打根馬會,Special,132/05,Flag / 赛圆旗,Sports Toto 多多
2004-10-24,Sun,3377,沙巴彩,Special,472/04,Competition Flag / 比赛旗,Magnum 4D 萬能
2004-10-24,Sun,3377,沙巴彩,Special,472/04,FLAG,Damacai 大馬彩
2004-10-24,Sun,3377,沙巴彩,Special,472/04,Flag / 赛圆旗,Sports Toto 多多
2004-10-17,Sun,3377,星池,Consolation,2139/2004,Competition Flag / 比赛旗,Magnum 4D 萬能
2004-10-17,Sun,3377,星池,Consolation,2139/2004,FLAG,Damacai 大馬彩
2004-10-17,Sun,3377,星池,Consolation,2139/2004,Flag / 赛圆旗,Sports Toto 多多
2003-12-28,Sun,3377,山打根馬會,Consolation,165/03,Competition Flag / 比赛旗,Magnum 4D 萬能
2003-12-28,Sun,3377,山打根馬會,Consolation,165/03,FLAG,Damacai 大馬彩
2003-12-28,Sun,3377,山打根馬會,Consolation,165/03,Flag / 赛圆旗,Sports Toto 多多
2003-12-21,Sun,3377,大馬彩,Special,2212/03,Competition Flag / 比赛旗,Magnum 4D 萬能
2003-12-21,Sun,3377,大馬彩,Special,2212/03,FLAG,Damacai 大馬彩
2003-12-21,Sun,3377,大馬彩,Special,2212/03,Flag / 赛圆旗,Sports Toto 多多
2003-02-12,Wed,3377,星池,Consolation,1876/2003,Competition Flag / 比赛旗,Magnum 4D 萬能
2003-02-12,Wed,3377,星池,Consolation,1876/2003,FLAG,Damacai 大馬彩
2003-02-12,Wed,3377,星池,Consolation,1876/2003,Flag / 赛圆旗,Sports Toto 多多
2002-11-30,Sat,3377,多多,Special,2089/02,Competition Flag / 比赛旗,Magnum 4D 萬能
2002-11-30,Sat,3377,多多,Special,2089/02,FLAG,Damacai 大馬彩
2002-11-30,Sat,3377,多多,Special,2089/02,Flag / 赛圆旗,Sports Toto 多多
2002-02-27,Wed,3377,萬能,1ST,025/02,Competition Flag / 比赛旗,Magnum 4D 萬能
2002-02-27,Wed,3377,萬能,1ST,025/02,FLAG,Damacai 大馬彩
2002-02-27,Wed,3377,萬能,1ST,025/02,Flag / 赛圆旗,Sports Toto 多多
2001-04-08,Sun,3377,多多,Special,1823/01,Competition Flag / 比赛旗,Magnum 4D 萬能
2001-04-08,Sun,3377,多多,Special,1823/01,FLAG,Damacai 大馬彩
2001-04-08,Sun,3377,多多,Special,1823/01,Flag / 赛圆旗,Sports Toto 多多
2000-08-30,Wed,3377,大馬彩,Special,1670/00,Competition Flag / 比赛旗,Magnum 4D 萬能
2000-08-30,Wed,3377,大馬彩,Special,1670/00,FLAG,Damacai 大馬彩
2000-08-30,Wed,3377,大馬彩,Special,1670/00,Flag / 赛圆旗,Sports Toto 多多
2000-07-23,Sun,3377,大馬彩,Special,1653/00,Competition Flag / 比赛旗,Magnum 4D 萬能
2000-07-23,Sun,3377,大馬彩,Special,1653/00,FLAG,Damacai 大馬彩
2000-07-23,Sun,3377,大馬彩,Special,1653/00,Flag / 赛圆旗,Sports Toto 多多
1999-09-12,Sun,3377,山打根馬會,Consolation,116/1999,Competition Flag / 比赛旗,Magnum 4D 萬能
1999-09-12,Sun,3377,山打根馬會,Consolation,116/1999,FLAG,Damacai 大馬彩
1999-09-12,Sun,3377,山打根馬會,Consolation,116/1999,Flag / 赛圆旗,Sports Toto 多多
1998-11-04,Wed,3377,大馬彩,Special,1373/98,Competition Flag / 比赛旗,Magnum 4D 萬能
1998-11-04,Wed,3377,大馬彩,Special,1373/98,FLAG,Damacai 大馬彩
1998-11-04,Wed,3377,大馬彩,Special,1373/98,Flag / 赛圆旗,Sports Toto 多多
1998-09-06,Sun,3377,多多,Special,1400/98,Competition Flag / 比赛旗,Magnum 4D 萬能
1998-09-06,Sun,3377,多多,Special,1400/98,FLAG,Damacai 大馬彩
1998-09-06,Sun,3377,多多,Special,1400/98,Flag / 赛圆旗,Sports Toto 多多
1998-08-30,Sun,3377,砂大萬,Special,0555/98,Competition Flag / 比赛旗,Magnum 4D 萬能
1998-08-30,Sun,3377,砂大萬,Special,0555/98,FLAG,Damacai 大馬彩
1998-08-30,Sun,3377,砂大萬,Special,0555/98,Flag / 赛圆旗,Sports Toto 多多
1998-08-15,Sat,3377,多多,Consolation,1390/98,Competition Flag / 比赛旗,Magnum 4D 萬能
1998-08-15,Sat,3377,多多,Consolation,1390/98,FLAG,Damacai 大馬彩
1998-08-15,Sat,3377,多多,Consolation,1390/98,Flag / 赛圆旗,Sports Toto 多多
1998-05-23,Sat,3377,萬能,Special,061/98,Competition Flag / 比赛旗,Magnum 4D 萬能
1998-05-23,Sat,3377,萬能,Special,061/98,FLAG,Damacai 大馬彩
1998-05-23,Sat,3377,萬能,Special,061/98,Flag / 赛圆旗,Sports Toto 多多
1997-09-17,Wed,3377,砂大萬,1ST,0406/97,Competition Flag / 比赛旗,Magnum 4D 萬能
1997-09-17,Wed,3377,砂大萬,1ST,0406/97,FLAG,Damacai 大馬彩
1997-09-17,Wed,3377,砂大萬,1ST,0406/97,Flag / 赛圆旗,Sports Toto 多多
1997-01-04,Sat,3377,多多,Consolation,1138/97,Competition Flag / 比赛旗,Magnum 4D 萬能
1997-01-04,Sat,3377,多多,Consolation,1138/97,FLAG,Damacai 大馬彩
1997-01-04,Sat,3377,多多,Consolation,1138/97,Flag / 赛圆旗,Sports Toto 多多
1996-06-30,Sun,3377,萬能,Special,078/96,Competition Flag / 比赛旗,Magnum 4D 萬能
1996-06-30,Sun,3377,萬能,Special,078/96,FLAG,Damacai 大馬彩
1996-06-30,Sun,3377,萬能,Special,078/96,Flag / 赛圆旗,Sports Toto 多多
1994-10-30,Sun,3377,萬能,Consolation,131/94,Competition Flag / 比赛旗,Magnum 4D 萬能
1994-10-30,Sun,3377,萬能,Consolation,131/94,FLAG,Damacai 大馬彩
1994-10-30,Sun,3377,萬能,Consolation,131/94,Flag / 赛圆旗,Sports Toto 多多
1993-10-16,Sat,3377,星池,3RD,D19931016,Competition Flag / 比赛旗,Magnum 4D 萬能
1993-10-16,Sat,3377,星池,3RD,D19931016,FLAG,Damacai 大馬彩
1993-10-16,Sat,3377,星池,3RD,D19931016,Flag / 赛圆旗,Sports Toto 多多
1993-07-31,Sat,3377,萬能,Consolation,091/93,Competition Flag / 比赛旗,Magnum 4D 萬能
1993-07-31,Sat,3377,萬能,Consolation,091/93,FLAG,Damacai 大馬彩
1993-07-31,Sat,3377,萬能,Consolation,091/93,Flag / 赛圆旗,Sports Toto 多多
1993-07-12,Mon,3377,萬能,3RD,083/93,Competition Flag / 比赛旗,Magnum 4D 萬能
1993-07-12,Mon,3377,萬能,3RD,083/93,FLAG,Damacai 大馬彩
1993-07-12,Mon,3377,萬能,3RD,083/93,Flag / 赛圆旗,Sports Toto 多多
1992-11-21,Sat,3377,大馬彩,Consolation,0440/92,Competition Flag / 比赛旗,Magnum 4D 萬能
1992-11-21,Sat,3377,大馬彩,Consolation,0440/92,FLAG,Damacai 大馬彩
1992-11-21,Sat,3377,大馬彩,Consolation,0440/92,Flag / 赛圆旗,Sports Toto 多多
1992-06-17,Wed,3377,多多,Special,425/92,Competition Flag / 比赛旗,Magnum 4D 萬能
1992-06-17,Wed,3377,多多,Special,425/92,FLAG,Damacai 大馬彩
1992-06-17,Wed,3377,多多,Special,425/92,Flag / 赛圆旗,Sports Toto 多多
1991-09-28,Sat,3377,大馬彩,Special,0260/91,Competition Flag / 比赛旗,Magnum 4D 萬能
1991-09-28,Sat,3377,大馬彩,Special,0260/91,FLAG,Damacai 大馬彩
1991-09-28,Sat,3377,大馬彩,Special,0260/91,Flag / 赛圆旗,Sports Toto 多多
1991-01-10,Thu,3377,萬能,Consolation,004/91,Competition Flag / 比赛旗,Magnum 4D 萬能
1991-01-10,Thu,3377,萬能,Consolation,004/91,FLAG,Damacai 大馬彩
1991-01-10,Thu,3377,萬能,Consolation,004/91,Flag / 赛圆旗,Sports Toto 多多
1990-07-15,Sun,3377,星池,Special,D19900715,Competition Flag / 比赛旗,Magnum 4D 萬能
1990-07-15,Sun,3377,星池,Special,D19900715,FLAG,Damacai 大馬彩
1990-07-15,Sun,3377,星池,Special,D19900715,Flag / 赛圆旗,Sports Toto 多多
1988-12-10,Sat,3377,萬能,Consolation,148/88,Competition Flag / 比赛旗,Magnum 4D 萬能
1988-12-10,Sat,3377,萬能,Consolation,148/88,FLAG,Damacai 大馬彩
1988-12-10,Sat,3377,萬能,Consolation,148/88,Flag / 赛圆旗,Sports Toto 多多
1988-03-19,Sat,3377,萬能,Consolation,034/88,Competition Flag / 比赛旗,Magnum 4D 萬能
1988-03-19,Sat,3377,萬能,Consolation,034/88,FLAG,Damacai 大馬彩
1988-03-19,Sat,3377,萬能,Consolation,034/88,Flag / 赛圆旗,Sports Toto 多多
1988-01-23,Sat,3377,星池,Special,D19880123,Competition Flag / 比赛旗,Magnum 4D 萬能
1988-01-23,Sat,3377,星池,Special,D19880123,FLAG,Damacai 大馬彩
1988-01-23,Sat,3377,星池,Special,D19880123,Flag / 赛圆旗,Sports Toto 多多
1987-07-25,Sat,3377,星池,Special,D19870725,Competition Flag / 比赛旗,Magnum 4D 萬能
1987-07-25,Sat,3377,星池,Special,D19870725,FLAG,Damacai 大馬彩
1987-07-25,Sat,3377,星池,Special,D19870725,Flag / 赛圆旗,Sports Toto 多多
