开彩日期,开彩日,彩号,秦庄,彩金,抽奖,图译,秦典
2024-07-14,Sun,6112,山打根馬會,Special,089/24,Torn Badge / 破了的徽章,Magnum 4D 萬能
2024-07-14,Sun,6112,山打根馬會,Special,089/24,BOOK CHAPTERS,Damacai 大馬彩
2024-07-14,Sun,6112,山打根馬會,Special,089/24,convenience store / 便利店,Sports Toto 多多
2024-03-03,Sun,6112,山打根馬會,Special,029/24,Torn Badge / 破了的徽章,Magnum 4D 萬能
2024-03-03,Sun,6112,山打根馬會,Special,029/24,BOOK CHAPTERS,Damacai 大馬彩
2024-03-03,Sun,6112,山打根馬會,Special,029/24,convenience store / 便利店,Sports Toto 多多
2023-08-06,Sun,6112,星池,Special,5049,Torn Badge / 破了的徽章,Magnum 4D 萬能
2023-08-06,Sun,6112,星池,Special,5049,BOOK CHAPTERS,Damacai 大馬彩
2023-08-06,Sun,6112,星池,Special,5049,convenience store / 便利店,Sports Toto 多多
2023-06-28,Wed,6112,大馬彩,Special,5603/23,Torn Badge / 破了的徽章,Magnum 4D 萬能
2023-06-28,Wed,6112,大馬彩,Special,5603/23,BOOK CHAPTERS,Damacai 大馬彩
2023-06-28,Wed,6112,大馬彩,Special,5603/23,convenience store / 便利店,Sports Toto 多多
2022-12-28,Wed,6112,星池,Consolation,4954,Torn Badge / 破了的徽章,Magnum 4D 萬能
2022-12-28,Wed,6112,星池,Consolation,4954,BOOK CHAPTERS,Damacai 大馬彩
2022-12-28,Wed,6112,星池,Consolation,4954,convenience store / 便利店,Sports Toto 多多
2022-03-27,Sun,6112,萬能,1ST,673/22,Torn Badge / 破了的徽章,Magnum 4D 萬能
2022-03-27,Sun,6112,萬能,1ST,673/22,BOOK CHAPTERS,Damacai 大馬彩
2022-03-27,Sun,6112,萬能,1ST,673/22,convenience store / 便利店,Sports Toto 多多
2021-09-29,Wed,6112,多多,Consolation,5351/21,Torn Badge / 破了的徽章,Magnum 4D 萬能
2021-09-29,Wed,6112,多多,Consolation,5351/21,BOOK CHAPTERS,Damacai 大馬彩
2021-09-29,Wed,6112,多多,Consolation,5351/21,convenience store / 便利店,Sports Toto 多多
2020-02-01,Sat,6112,沙巴彩,Consolation,3134/20,Torn Badge / 破了的徽章,Magnum 4D 萬能
2020-02-01,Sat,6112,沙巴彩,Consolation,3134/20,BOOK CHAPTERS,Damacai 大馬彩
2020-02-01,Sat,6112,沙巴彩,Consolation,3134/20,convenience store / 便利店,Sports Toto 多多
2019-11-05,Tue,6112,萬能,Consolation,263/19,Torn Badge / 破了的徽章,Magnum 4D 萬能
2019-11-05,Tue,6112,萬能,Consolation,263/19,BOOK CHAPTERS,Damacai 大馬彩
2019-11-05,Tue,6112,萬能,Consolation,263/19,convenience store / 便利店,Sports Toto 多多
2019-10-26,Sat,6112,砂大萬,Consolation,4181/19,Torn Badge / 破了的徽章,Magnum 4D 萬能
2019-10-26,Sat,6112,砂大萬,Consolation,4181/19,BOOK CHAPTERS,Damacai 大馬彩
2019-10-26,Sat,6112,砂大萬,Consolation,4181/19,convenience store / 便利店,Sports Toto 多多
2018-08-01,Wed,6112,星池,Consolation,4297,Torn Badge / 破了的徽章,Magnum 4D 萬能
2018-08-01,Wed,6112,星池,Consolation,4297,BOOK CHAPTERS,Damacai 大馬彩
2018-08-01,Wed,6112,星池,Consolation,4297,convenience store / 便利店,Sports Toto 多多
2018-05-09,Wed,6112,萬能,Special,005/18,Torn Badge / 破了的徽章,Magnum 4D 萬能
2018-05-09,Wed,6112,萬能,Special,005/18,BOOK CHAPTERS,Damacai 大馬彩
2018-05-09,Wed,6112,萬能,Special,005/18,convenience store / 便利店,Sports Toto 多多
2018-04-25,Wed,6112,萬能,Special,997/18,Torn Badge / 破了的徽章,Magnum 4D 萬能
2018-04-25,Wed,6112,萬能,Special,997/18,BOOK CHAPTERS,Damacai 大馬彩
2018-04-25,Wed,6112,萬能,Special,997/18,convenience store / 便利店,Sports Toto 多多
2018-01-13,Sat,6112,萬能,Consolation,944/18,Torn Badge / 破了的徽章,Magnum 4D 萬能
2018-01-13,Sat,6112,萬能,Consolation,944/18,BOOK CHAPTERS,Damacai 大馬彩
2018-01-13,Sat,6112,萬能,Consolation,944/18,convenience store / 便利店,Sports Toto 多多
2017-11-12,Sun,6112,山打根馬會,Consolation,155/17,Torn Badge / 破了的徽章,Magnum 4D 萬能
2017-11-12,Sun,6112,山打根馬會,Consolation,155/17,BOOK CHAPTERS,Damacai 大馬彩
2017-11-12,Sun,6112,山打根馬會,Consolation,155/17,convenience store / 便利店,Sports Toto 多多
2017-09-30,Sat,6112,大馬彩,Consolation,4608/17,Torn Badge / 破了的徽章,Magnum 4D 萬能
2017-09-30,Sat,6112,大馬彩,Consolation,4608/17,BOOK CHAPTERS,Damacai 大馬彩
2017-09-30,Sat,6112,大馬彩,Consolation,4608/17,convenience store / 便利店,Sports Toto 多多
2017-09-03,Sun,6112,沙巴彩,Consolation,2714/17,Torn Badge / 破了的徽章,Magnum 4D 萬能
2017-09-03,Sun,6112,沙巴彩,Consolation,2714/17,BOOK CHAPTERS,Damacai 大馬彩
2017-09-03,Sun,6112,沙巴彩,Consolation,2714/17,convenience store / 便利店,Sports Toto 多多
2017-07-15,Sat,6112,大馬彩,Special,4570/17,Torn Badge / 破了的徽章,Magnum 4D 萬能
2017-07-15,Sat,6112,大馬彩,Special,4570/17,BOOK CHAPTERS,Damacai 大馬彩
2017-07-15,Sat,6112,大馬彩,Special,4570/17,convenience store / 便利店,Sports Toto 多多
2017-05-02,Tue,6112,萬能,Consolation,819/17,Torn Badge / 破了的徽章,Magnum 4D 萬能
2017-05-02,Tue,6112,萬能,Consolation,819/17,BOOK CHAPTERS,Damacai 大馬彩
2017-05-02,Tue,6112,萬能,Consolation,819/17,convenience store / 便利店,Sports Toto 多多
2017-01-14,Sat,6112,大馬彩,Special,4482/17,Torn Badge / 破了的徽章,Magnum 4D 萬能
2017-01-14,Sat,6112,大馬彩,Special,4482/17,BOOK CHAPTERS,Damacai 大馬彩
2017-01-14,Sat,6112,大馬彩,Special,4482/17,convenience store / 便利店,Sports Toto 多多
2016-07-10,Sun,6112,沙巴彩,Consolation,2510/16,Torn Badge / 破了的徽章,Magnum 4D 萬能
2016-07-10,Sun,6112,沙巴彩,Consolation,2510/16,BOOK CHAPTERS,Damacai 大馬彩
2016-07-10,Sun,6112,沙巴彩,Consolation,2510/16,convenience store / 便利店,Sports Toto 多多
2016-04-17,Sun,6112,星池,Consolation,3939,Torn Badge / 破了的徽章,Magnum 4D 萬能
2016-04-17,Sun,6112,星池,Consolation,3939,BOOK CHAPTERS,Damacai 大馬彩
2016-04-17,Sun,6112,星池,Consolation,3939,convenience store / 便利店,Sports Toto 多多
2016-04-06,Wed,6112,山打根馬會,Consolation,050/16,Torn Badge / 破了的徽章,Magnum 4D 萬能
2016-04-06,Wed,6112,山打根馬會,Consolation,050/16,BOOK CHAPTERS,Damacai 大馬彩
2016-04-06,Wed,6112,山打根馬會,Consolation,050/16,convenience store / 便利店,Sports Toto 多多
2015-01-21,Wed,6112,山打根馬會,Special,10/15,Torn Badge / 破了的徽章,Magnum 4D 萬能
2015-01-21,Wed,6112,山打根馬會,Special,10/15,BOOK CHAPTERS,Damacai 大馬彩
2015-01-21,Wed,6112,山打根馬會,Special,10/15,convenience store / 便利店,Sports Toto 多多
2014-10-26,Sun,6112,山打根馬會,Special,146/14,Torn Badge / 破了的徽章,Magnum 4D 萬能
2014-10-26,Sun,6112,山打根馬會,Special,146/14,BOOK CHAPTERS,Damacai 大馬彩
2014-10-26,Sun,6112,山打根馬會,Special,146/14,convenience store / 便利店,Sports Toto 多多
2014-08-13,Wed,6112,砂大萬,Special,3261/14,Torn Badge / 破了的徽章,Magnum 4D 萬能
2014-08-13,Wed,6112,砂大萬,Special,3261/14,BOOK CHAPTERS,Damacai 大馬彩
2014-08-13,Wed,6112,砂大萬,Special,3261/14,convenience store / 便利店,Sports Toto 多多
2014-06-21,Sat,6112,砂大萬,Special,3236/14,Torn Badge / 破了的徽章,Magnum 4D 萬能
2014-06-21,Sat,6112,砂大萬,Special,3236/14,BOOK CHAPTERS,Damacai 大馬彩
2014-06-21,Sat,6112,砂大萬,Special,3236/14,convenience store / 便利店,Sports Toto 多多
2013-10-26,Sat,6112,星池,Special,3551,Torn Badge / 破了的徽章,Magnum 4D 萬能
2013-10-26,Sat,6112,星池,Special,3551,BOOK CHAPTERS,Damacai 大馬彩
2013-10-26,Sat,6112,星池,Special,3551,convenience store / 便利店,Sports Toto 多多
2013-10-02,Wed,6112,星池,2ND,3541/,Torn Badge / 破了的徽章,Magnum 4D 萬能
2013-10-02,Wed,6112,星池,2ND,3541/,BOOK CHAPTERS,Damacai 大馬彩
2013-10-02,Wed,6112,星池,2ND,3541/,convenience store / 便利店,Sports Toto 多多
2013-08-04,Sun,6112,山打根馬會,Special,106/13,Torn Badge / 破了的徽章,Magnum 4D 萬能
2013-08-04,Sun,6112,山打根馬會,Special,106/13,BOOK CHAPTERS,Damacai 大馬彩
2013-08-04,Sun,6112,山打根馬會,Special,106/13,convenience store / 便利店,Sports Toto 多多
2013-05-29,Wed,6112,大馬彩,Consolation,3836/13,Torn Badge / 破了的徽章,Magnum 4D 萬能
2013-05-29,Wed,6112,大馬彩,Consolation,3836/13,BOOK CHAPTERS,Damacai 大馬彩
2013-05-29,Wed,6112,大馬彩,Consolation,3836/13,convenience store / 便利店,Sports Toto 多多
2012-08-18,Sat,6112,山打根馬會,Special,113/12,Torn Badge / 破了的徽章,Magnum 4D 萬能
2012-08-18,Sat,6112,山打根馬會,Special,113/12,BOOK CHAPTERS,Damacai 大馬彩
2012-08-18,Sat,6112,山打根馬會,Special,113/12,convenience store / 便利店,Sports Toto 多多
2012-04-18,Wed,6112,砂大萬,Special,2850/12,Torn Badge / 破了的徽章,Magnum 4D 萬能
2012-04-18,Wed,6112,砂大萬,Special,2850/12,BOOK CHAPTERS,Damacai 大馬彩
2012-04-18,Wed,6112,砂大萬,Special,2850/12,convenience store / 便利店,Sports Toto 多多
2012-04-08,Sun,6112,大馬彩,Consolation,3632/12,Torn Badge / 破了的徽章,Magnum 4D 萬能
2012-04-08,Sun,6112,大馬彩,Consolation,3632/12,BOOK CHAPTERS,Damacai 大馬彩
2012-04-08,Sun,6112,大馬彩,Consolation,3632/12,convenience store / 便利店,Sports Toto 多多
2012-03-14,Wed,6112,多多,Special,3672/12,Torn Badge / 破了的徽章,Magnum 4D 萬能
2012-03-14,Wed,6112,多多,Special,3672/12,BOOK CHAPTERS,Damacai 大馬彩
2012-03-14,Wed,6112,多多,Special,3672/12,convenience store / 便利店,Sports Toto 多多
2011-12-31,Sat,6112,山打根馬會,Special,177/11,Torn Badge / 破了的徽章,Magnum 4D 萬能
2011-12-31,Sat,6112,山打根馬會,Special,177/11,BOOK CHAPTERS,Damacai 大馬彩
2011-12-31,Sat,6112,山打根馬會,Special,177/11,convenience store / 便利店,Sports Toto 多多
2011-11-16,Wed,6112,多多,Consolation,3613/11,Torn Badge / 破了的徽章,Magnum 4D 萬能
2011-11-16,Wed,6112,多多,Consolation,3613/11,BOOK CHAPTERS,Damacai 大馬彩
2011-11-16,Wed,6112,多多,Consolation,3613/11,convenience store / 便利店,Sports Toto 多多
2011-08-31,Wed,6112,大馬彩,Consolation,3522/11,Torn Badge / 破了的徽章,Magnum 4D 萬能
2011-08-31,Wed,6112,大馬彩,Consolation,3522/11,BOOK CHAPTERS,Damacai 大馬彩
2011-08-31,Wed,6112,大馬彩,Consolation,3522/11,convenience store / 便利店,Sports Toto 多多
2011-08-21,Sun,6112,星池,Special,3210/2011,Torn Badge / 破了的徽章,Magnum 4D 萬能
2011-08-21,Sun,6112,星池,Special,3210/2011,BOOK CHAPTERS,Damacai 大馬彩
2011-08-21,Sun,6112,星池,Special,3210/2011,convenience store / 便利店,Sports Toto 多多
2011-04-09,Sat,6112,多多,Special,3508/11,Torn Badge / 破了的徽章,Magnum 4D 萬能
2011-04-09,Sat,6112,多多,Special,3508/11,BOOK CHAPTERS,Damacai 大馬彩
2011-04-09,Sat,6112,多多,Special,3508/11,convenience store / 便利店,Sports Toto 多多
2010-12-08,Wed,6112,多多,Special,3448/10,Torn Badge / 破了的徽章,Magnum 4D 萬能
2010-12-08,Wed,6112,多多,Special,3448/10,BOOK CHAPTERS,Damacai 大馬彩
2010-12-08,Wed,6112,多多,Special,3448/10,convenience store / 便利店,Sports Toto 多多
2010-10-13,Wed,6112,大馬彩,Special,3368/10,Torn Badge / 破了的徽章,Magnum 4D 萬能
2010-10-13,Wed,6112,大馬彩,Special,3368/10,BOOK CHAPTERS,Damacai 大馬彩
2010-10-13,Wed,6112,大馬彩,Special,3368/10,convenience store / 便利店,Sports Toto 多多
2010-08-18,Wed,6112,山打根馬會,Special,113/10,Torn Badge / 破了的徽章,Magnum 4D 萬能
2010-08-18,Wed,6112,山打根馬會,Special,113/10,BOOK CHAPTERS,Damacai 大馬彩
2010-08-18,Wed,6112,山打根馬會,Special,113/10,convenience store / 便利店,Sports Toto 多多
2010-05-15,Sat,6112,大馬彩,Special,3296/10,Torn Badge / 破了的徽章,Magnum 4D 萬能
2010-05-15,Sat,6112,大馬彩,Special,3296/10,BOOK CHAPTERS,Damacai 大馬彩
2010-05-15,Sat,6112,大馬彩,Special,3296/10,convenience store / 便利店,Sports Toto 多多
2009-06-16,Tue,6112,沙巴彩,Special,1253/09,Torn Badge / 破了的徽章,Magnum 4D 萬能
2009-06-16,Tue,6112,沙巴彩,Special,1253/09,BOOK CHAPTERS,Damacai 大馬彩
2009-06-16,Tue,6112,沙巴彩,Special,1253/09,convenience store / 便利店,Sports Toto 多多
2009-01-28,Wed,6112,星池,Special,2809/2009,Torn Badge / 破了的徽章,Magnum 4D 萬能
2009-01-28,Wed,6112,星池,Special,2809/2009,BOOK CHAPTERS,Damacai 大馬彩
2009-01-28,Wed,6112,星池,Special,2809/2009,convenience store / 便利店,Sports Toto 多多
2008-11-09,Sun,6112,萬能,Special,304/08,Torn Badge / 破了的徽章,Magnum 4D 萬能
2008-11-09,Sun,6112,萬能,Special,304/08,BOOK CHAPTERS,Damacai 大馬彩
2008-11-09,Sun,6112,萬能,Special,304/08,convenience store / 便利店,Sports Toto 多多
2008-05-17,Sat,6112,多多,Special,3006/08,Torn Badge / 破了的徽章,Magnum 4D 萬能
2008-05-17,Sat,6112,多多,Special,3006/08,BOOK CHAPTERS,Damacai 大馬彩
2008-05-17,Sat,6112,多多,Special,3006/08,convenience store / 便利店,Sports Toto 多多
2007-10-07,Sun,6112,山打根馬會,Special,128/07,Torn Badge / 破了的徽章,Magnum 4D 萬能
2007-10-07,Sun,6112,山打根馬會,Special,128/07,BOOK CHAPTERS,Damacai 大馬彩
2007-10-07,Sun,6112,山打根馬會,Special,128/07,convenience store / 便利店,Sports Toto 多多
2007-05-23,Wed,6112,多多,1ST,2845/07,Torn Badge / 破了的徽章,Magnum 4D 萬能
2007-05-23,Wed,6112,多多,1ST,2845/07,BOOK CHAPTERS,Damacai 大馬彩
2007-05-23,Wed,6112,多多,1ST,2845/07,convenience store / 便利店,Sports Toto 多多
2007-03-28,Wed,6112,星池,Consolation,2521/2007,Torn Badge / 破了的徽章,Magnum 4D 萬能
2007-03-28,Wed,6112,星池,Consolation,2521/2007,BOOK CHAPTERS,Damacai 大馬彩
2007-03-28,Wed,6112,星池,Consolation,2521/2007,convenience store / 便利店,Sports Toto 多多
2006-10-15,Sun,6112,砂大萬,Special,1902/06,Torn Badge / 破了的徽章,Magnum 4D 萬能
2006-10-15,Sun,6112,砂大萬,Special,1902/06,BOOK CHAPTERS,Damacai 大馬彩
2006-10-15,Sun,6112,砂大萬,Special,1902/06,convenience store / 便利店,Sports Toto 多多
2006-09-23,Sat,6112,沙巴彩,3RD,798/06,Torn Badge / 破了的徽章,Magnum 4D 萬能
2006-09-23,Sat,6112,沙巴彩,3RD,798/06,BOOK CHAPTERS,Damacai 大馬彩
2006-09-23,Sat,6112,沙巴彩,3RD,798/06,convenience store / 便利店,Sports Toto 多多
2006-07-08,Sat,6112,萬能,Consolation,081/06,Torn Badge / 破了的徽章,Magnum 4D 萬能
2006-07-08,Sat,6112,萬能,Consolation,081/06,BOOK CHAPTERS,Damacai 大馬彩
2006-07-08,Sat,6112,萬能,Consolation,081/06,convenience store / 便利店,Sports Toto 多多
2006-05-20,Sat,6112,沙巴彩,Consolation,742/06,Torn Badge / 破了的徽章,Magnum 4D 萬能
2006-05-20,Sat,6112,沙巴彩,Consolation,742/06,BOOK CHAPTERS,Damacai 大馬彩
2006-05-20,Sat,6112,沙巴彩,Consolation,742/06,convenience store / 便利店,Sports Toto 多多
2005-12-21,Wed,6112,萬能,Special,153/05,Torn Badge / 破了的徽章,Magnum 4D 萬能
2005-12-21,Wed,6112,萬能,Special,153/05,BOOK CHAPTERS,Damacai 大馬彩
2005-12-21,Wed,6112,萬能,Special,153/05,convenience store / 便利店,Sports Toto 多多
2005-11-26,Sat,6112,砂大萬,Special,1752/05,Torn Badge / 破了的徽章,Magnum 4D 萬能
2005-11-26,Sat,6112,砂大萬,Special,1752/05,BOOK CHAPTERS,Damacai 大馬彩
2005-11-26,Sat,6112,砂大萬,Special,1752/05,convenience store / 便利店,Sports Toto 多多
2005-09-18,Sun,6112,星池,Special,2283/2005,Torn Badge / 破了的徽章,Magnum 4D 萬能
2005-09-18,Sun,6112,星池,Special,2283/2005,BOOK CHAPTERS,Damacai 大馬彩
2005-09-18,Sun,6112,星池,Special,2283/2005,convenience store / 便利店,Sports Toto 多多
2005-07-28,Thu,6112,山打根馬會,Consolation,101/05,Torn Badge / 破了的徽章,Magnum 4D 萬能
2005-07-28,Thu,6112,山打根馬會,Consolation,101/05,BOOK CHAPTERS,Damacai 大馬彩
2005-07-28,Thu,6112,山打根馬會,Consolation,101/05,convenience store / 便利店,Sports Toto 多多
2005-07-16,Sat,6112,萬能,3RD,085/05,Torn Badge / 破了的徽章,Magnum 4D 萬能
2005-07-16,Sat,6112,萬能,3RD,085/05,BOOK CHAPTERS,Damacai 大馬彩
2005-07-16,Sat,6112,萬能,3RD,085/05,convenience store / 便利店,Sports Toto 多多
2005-05-15,Sun,6112,砂大萬,Consolation,1662/05,Torn Badge / 破了的徽章,Magnum 4D 萬能
2005-05-15,Sun,6112,砂大萬,Consolation,1662/05,BOOK CHAPTERS,Damacai 大馬彩
2005-05-15,Sun,6112,砂大萬,Consolation,1662/05,convenience store / 便利店,Sports Toto 多多
2005-05-01,Sun,6112,多多,Consolation,2495/05,Torn Badge / 破了的徽章,Magnum 4D 萬能
2005-05-01,Sun,6112,多多,Consolation,2495/05,BOOK CHAPTERS,Damacai 大馬彩
2005-05-01,Sun,6112,多多,Consolation,2495/05,convenience store / 便利店,Sports Toto 多多
2005-04-17,Sun,6112,星池,Special,2217/2005,Torn Badge / 破了的徽章,Magnum 4D 萬能
2005-04-17,Sun,6112,星池,Special,2217/2005,BOOK CHAPTERS,Damacai 大馬彩
2005-04-17,Sun,6112,星池,Special,2217/2005,convenience store / 便利店,Sports Toto 多多
2004-07-25,Sun,6112,沙巴彩,1ST,431/04,Torn Badge / 破了的徽章,Magnum 4D 萬能
2004-07-25,Sun,6112,沙巴彩,1ST,431/04,BOOK CHAPTERS,Damacai 大馬彩
2004-07-25,Sun,6112,沙巴彩,1ST,431/04,convenience store / 便利店,Sports Toto 多多
2004-02-18,Wed,6112,沙巴彩,2ND,360/04,Torn Badge / 破了的徽章,Magnum 4D 萬能
2004-02-18,Wed,6112,沙巴彩,2ND,360/04,BOOK CHAPTERS,Damacai 大馬彩
2004-02-18,Wed,6112,沙巴彩,2ND,360/04,convenience store / 便利店,Sports Toto 多多
2004-02-15,Sun,6112,砂大萬,Special,1452/04,Torn Badge / 破了的徽章,Magnum 4D 萬能
2004-02-15,Sun,6112,砂大萬,Special,1452/04,BOOK CHAPTERS,Damacai 大馬彩
2004-02-15,Sun,6112,砂大萬,Special,1452/04,convenience store / 便利店,Sports Toto 多多
2003-12-07,Sun,6112,沙巴彩,Consolation,327/03,Torn Badge / 破了的徽章,Magnum 4D 萬能
2003-12-07,Sun,6112,沙巴彩,Consolation,327/03,BOOK CHAPTERS,Damacai 大馬彩
2003-12-07,Sun,6112,沙巴彩,Consolation,327/03,convenience store / 便利店,Sports Toto 多多
2003-07-26,Sat,6112,星池,Consolation,1946/2003,Torn Badge / 破了的徽章,Magnum 4D 萬能
2003-07-26,Sat,6112,星池,Consolation,1946/2003,BOOK CHAPTERS,Damacai 大馬彩
2003-07-26,Sat,6112,星池,Consolation,1946/2003,convenience store / 便利店,Sports Toto 多多
2003-07-05,Sat,6112,多多,Consolation,2188/03,Torn Badge / 破了的徽章,Magnum 4D 萬能
2003-07-05,Sat,6112,多多,Consolation,2188/03,BOOK CHAPTERS,Damacai 大馬彩
2003-07-05,Sat,6112,多多,Consolation,2188/03,convenience store / 便利店,Sports Toto 多多
2002-11-16,Sat,6112,萬能,Consolation,137/02,Torn Badge / 破了的徽章,Magnum 4D 萬能
2002-11-16,Sat,6112,萬能,Consolation,137/02,BOOK CHAPTERS,Damacai 大馬彩
2002-11-16,Sat,6112,萬能,Consolation,137/02,convenience store / 便利店,Sports Toto 多多
2002-09-22,Sun,6112,沙巴彩,Special,130/02,Torn Badge / 破了的徽章,Magnum 4D 萬能
2002-09-22,Sun,6112,沙巴彩,Special,130/02,BOOK CHAPTERS,Damacai 大馬彩
2002-09-22,Sun,6112,沙巴彩,Special,130/02,convenience store / 便利店,Sports Toto 多多
2002-09-22,Sun,6112,多多,Consolation,2059/02,Torn Badge / 破了的徽章,Magnum 4D 萬能
2002-09-22,Sun,6112,多多,Consolation,2059/02,BOOK CHAPTERS,Damacai 大馬彩
2002-09-22,Sun,6112,多多,Consolation,2059/02,convenience store / 便利店,Sports Toto 多多
2002-08-24,Sat,6112,大馬彩,Consolation,1992/02,Torn Badge / 破了的徽章,Magnum 4D 萬能
2002-08-24,Sat,6112,大馬彩,Consolation,1992/02,BOOK CHAPTERS,Damacai 大馬彩
2002-08-24,Sat,6112,大馬彩,Consolation,1992/02,convenience store / 便利店,Sports Toto 多多
2002-08-10,Sat,6112,多多,Special,2040/02,Torn Badge / 破了的徽章,Magnum 4D 萬能
2002-08-10,Sat,6112,多多,Special,2040/02,BOOK CHAPTERS,Damacai 大馬彩
2002-08-10,Sat,6112,多多,Special,2040/02,convenience store / 便利店,Sports Toto 多多
2002-03-13,Wed,6112,山打根馬會,2ND,32/02,Torn Badge / 破了的徽章,Magnum 4D 萬能
2002-03-13,Wed,6112,山打根馬會,2ND,32/02,BOOK CHAPTERS,Damacai 大馬彩
2002-03-13,Wed,6112,山打根馬會,2ND,32/02,convenience store / 便利店,Sports Toto 多多
2002-02-24,Sun,6112,砂大萬,Consolation,1127/02,Torn Badge / 破了的徽章,Magnum 4D 萬能
2002-02-24,Sun,6112,砂大萬,Consolation,1127/02,BOOK CHAPTERS,Damacai 大馬彩
2002-02-24,Sun,6112,砂大萬,Consolation,1127/02,convenience store / 便利店,Sports Toto 多多
2000-07-30,Sun,6112,砂大萬,Special,0867/00,Torn Badge / 破了的徽章,Magnum 4D 萬能
2000-07-30,Sun,6112,砂大萬,Special,0867/00,BOOK CHAPTERS,Damacai 大馬彩
2000-07-30,Sun,6112,砂大萬,Special,0867/00,convenience store / 便利店,Sports Toto 多多
1998-04-04,Sat,6112,多多,Special,1333/98,Torn Badge / 破了的徽章,Magnum 4D 萬能
1998-04-04,Sat,6112,多多,Special,1333/98,BOOK CHAPTERS,Damacai 大馬彩
1998-04-04,Sat,6112,多多,Special,1333/98,convenience store / 便利店,Sports Toto 多多
1997-04-26,Sat,6112,山打根馬會,Consolation,50/1997,Torn Badge / 破了的徽章,Magnum 4D 萬能
1997-04-26,Sat,6112,山打根馬會,Consolation,50/1997,BOOK CHAPTERS,Damacai 大馬彩
1997-04-26,Sat,6112,山打根馬會,Consolation,50/1997,convenience store / 便利店,Sports Toto 多多
1996-06-12,Wed,6112,砂大萬,Consolation,0208/96,Torn Badge / 破了的徽章,Magnum 4D 萬能
1996-06-12,Wed,6112,砂大萬,Consolation,0208/96,BOOK CHAPTERS,Damacai 大馬彩
1996-06-12,Wed,6112,砂大萬,Consolation,0208/96,convenience store / 便利店,Sports Toto 多多
1996-06-05,Wed,6112,萬能,Special,067/96,Torn Badge / 破了的徽章,Magnum 4D 萬能
1996-06-05,Wed,6112,萬能,Special,067/96,BOOK CHAPTERS,Damacai 大馬彩
1996-06-05,Wed,6112,萬能,Special,067/96,convenience store / 便利店,Sports Toto 多多
1996-04-03,Wed,6112,萬能,Special,040/96,Torn Badge / 破了的徽章,Magnum 4D 萬能
1996-04-03,Wed,6112,萬能,Special,040/96,BOOK CHAPTERS,Damacai 大馬彩
1996-04-03,Wed,6112,萬能,Special,040/96,convenience store / 便利店,Sports Toto 多多
1996-01-27,Sat,6112,星池,3RD,D19960127,Torn Badge / 破了的徽章,Magnum 4D 萬能
1996-01-27,Sat,6112,星池,3RD,D19960127,BOOK CHAPTERS,Damacai 大馬彩
1996-01-27,Sat,6112,星池,3RD,D19960127,convenience store / 便利店,Sports Toto 多多
1996-01-07,Sun,6112,砂大萬,Special,0141/96,Torn Badge / 破了的徽章,Magnum 4D 萬能
1996-01-07,Sun,6112,砂大萬,Special,0141/96,BOOK CHAPTERS,Damacai 大馬彩
1996-01-07,Sun,6112,砂大萬,Special,0141/96,convenience store / 便利店,Sports Toto 多多
1993-06-10,Thu,6112,多多,Special,579/93,Torn Badge / 破了的徽章,Magnum 4D 萬能
1993-06-10,Thu,6112,多多,Special,579/93,BOOK CHAPTERS,Damacai 大馬彩
1993-06-10,Thu,6112,多多,Special,579/93,convenience store / 便利店,Sports Toto 多多
1993-03-20,Sat,6112,萬能,Consolation,034/93,Torn Badge / 破了的徽章,Magnum 4D 萬能
1993-03-20,Sat,6112,萬能,Consolation,034/93,BOOK CHAPTERS,Damacai 大馬彩
1993-03-20,Sat,6112,萬能,Consolation,034/93,convenience store / 便利店,Sports Toto 多多
1991-02-07,Thu,6112,萬能,Consolation,016/91,Torn Badge / 破了的徽章,Magnum 4D 萬能
1991-02-07,Thu,6112,萬能,Consolation,016/91,BOOK CHAPTERS,Damacai 大馬彩
1991-02-07,Thu,6112,萬能,Consolation,016/91,convenience store / 便利店,Sports Toto 多多
1989-11-16,Thu,6112,萬能,Special,137/89,Torn Badge / 破了的徽章,Magnum 4D 萬能
1989-11-16,Thu,6112,萬能,Special,137/89,BOOK CHAPTERS,Damacai 大馬彩
1989-11-16,Thu,6112,萬能,Special,137/89,convenience store / 便利店,Sports Toto 多多
1988-11-03,Thu,6112,萬能,Consolation,132/88,Torn Badge / 破了的徽章,Magnum 4D 萬能
1988-11-03,Thu,6112,萬能,Consolation,132/88,BOOK CHAPTERS,Damacai 大馬彩
1988-11-03,Thu,6112,萬能,Consolation,132/88,convenience store / 便利店,Sports Toto 多多
1988-05-01,Sun,6112,星池,Consolation,D19880501,Torn Badge / 破了的徽章,Magnum 4D 萬能
1988-05-01,Sun,6112,星池,Consolation,D19880501,BOOK CHAPTERS,Damacai 大馬彩
1988-05-01,Sun,6112,星池,Consolation,D19880501,convenience store / 便利店,Sports Toto 多多
