彩号,彩金,抽奖,开彩日期,开彩日,秦庄,图译,秦典
4375,Consolation,001/24,2024-01-03,Wed,山打根馬會,Elvis Presley / 猫王,Magnum 4D 萬能
4375,Consolation,001/24,2024-01-03,Wed,山打根馬會,ASTRONOMER,Damacai 大馬彩
4375,Consolation,001/24,2024-01-03,Wed,山打根馬會,Chess / 军棋,Sports Toto 多多
4375,Special,5664/23,2023-07-15,Sat,多多,Elvis Presley / 猫王,Magnum 4D 萬能
4375,Special,5664/23,2023-07-15,Sat,多多,ASTRONOMER,Damacai 大馬彩
4375,Special,5664/23,2023-07-15,Sat,多多,Chess / 军棋,Sports Toto 多多
4375,Consolation,032/23,2023-03-08,Wed,山打根馬會,Elvis Presley / 猫王,Magnum 4D 萬能
4375,Consolation,032/23,2023-03-08,Wed,山打根馬會,ASTRONOMER,Damacai 大馬彩
4375,Consolation,032/23,2023-03-08,Wed,山打根馬會,Chess / 军棋,Sports Toto 多多
4375,Consolation,3631/22,2022-12-11,Sun,沙巴彩,Elvis Presley / 猫王,Magnum 4D 萬能
4375,Consolation,3631/22,2022-12-11,Sun,沙巴彩,ASTRONOMER,Damacai 大馬彩
4375,Consolation,3631/22,2022-12-11,Sun,沙巴彩,Chess / 军棋,Sports Toto 多多
4375,Consolation,730/22,2022-07-26,Tue,萬能,Elvis Presley / 猫王,Magnum 4D 萬能
4375,Consolation,730/22,2022-07-26,Tue,萬能,ASTRONOMER,Damacai 大馬彩
4375,Consolation,730/22,2022-07-26,Tue,萬能,Chess / 军棋,Sports Toto 多多
4375,Consolation,717/22,2022-06-29,Wed,萬能,Elvis Presley / 猫王,Magnum 4D 萬能
4375,Consolation,717/22,2022-06-29,Wed,萬能,ASTRONOMER,Damacai 大馬彩
4375,Consolation,717/22,2022-06-29,Wed,萬能,Chess / 军棋,Sports Toto 多多
4375,Special,656/22,2022-02-16,Wed,萬能,Elvis Presley / 猫王,Magnum 4D 萬能
4375,Special,656/22,2022-02-16,Wed,萬能,ASTRONOMER,Damacai 大馬彩
4375,Special,656/22,2022-02-16,Wed,萬能,Chess / 军棋,Sports Toto 多多
4375,Consolation,4563/22,2022-01-16,Sun,砂大萬,Elvis Presley / 猫王,Magnum 4D 萬能
4375,Consolation,4563/22,2022-01-16,Sun,砂大萬,ASTRONOMER,Damacai 大馬彩
4375,Consolation,4563/22,2022-01-16,Sun,砂大萬,Chess / 军棋,Sports Toto 多多
4375,3RD,4245/20,2020-03-11,Wed,砂大萬,Elvis Presley / 猫王,Magnum 4D 萬能
4375,3RD,4245/20,2020-03-11,Wed,砂大萬,ASTRONOMER,Damacai 大馬彩
4375,3RD,4245/20,2020-03-11,Wed,砂大萬,Chess / 军棋,Sports Toto 多多
4375,Special,152/19,2019-11-27,Wed,山打根馬會,Elvis Presley / 猫王,Magnum 4D 萬能
4375,Special,152/19,2019-11-27,Wed,山打根馬會,ASTRONOMER,Damacai 大馬彩
4375,Special,152/19,2019-11-27,Wed,山打根馬會,Chess / 军棋,Sports Toto 多多
4375,3RD,4144/19,2019-08-07,Wed,砂大萬,Elvis Presley / 猫王,Magnum 4D 萬能
4375,3RD,4144/19,2019-08-07,Wed,砂大萬,ASTRONOMER,Damacai 大馬彩
4375,3RD,4144/19,2019-08-07,Wed,砂大萬,Chess / 军棋,Sports Toto 多多
4375,Special,094/19,2019-07-27,Sat,山打根馬會,Elvis Presley / 猫王,Magnum 4D 萬能
4375,Special,094/19,2019-07-27,Sat,山打根馬會,ASTRONOMER,Damacai 大馬彩
4375,Special,094/19,2019-07-27,Sat,山打根馬會,Chess / 军棋,Sports Toto 多多
4375,Consolation,3005/19,2019-04-27,Sat,沙巴彩,Elvis Presley / 猫王,Magnum 4D 萬能
4375,Consolation,3005/19,2019-04-27,Sat,沙巴彩,ASTRONOMER,Damacai 大馬彩
4375,Consolation,3005/19,2019-04-27,Sat,沙巴彩,Chess / 军棋,Sports Toto 多多
4375,Consolation,018/18,2018-06-09,Sat,萬能,Elvis Presley / 猫王,Magnum 4D 萬能
4375,Consolation,018/18,2018-06-09,Sat,萬能,ASTRONOMER,Damacai 大馬彩
4375,Consolation,018/18,2018-06-09,Sat,萬能,Chess / 军棋,Sports Toto 多多
4375,2ND,4718/18,2018-05-09,Wed,大馬彩,Elvis Presley / 猫王,Magnum 4D 萬能
4375,2ND,4718/18,2018-05-09,Wed,大馬彩,ASTRONOMER,Damacai 大馬彩
4375,2ND,4718/18,2018-05-09,Wed,大馬彩,Chess / 军棋,Sports Toto 多多
4375,Consolation,4680/18,2018-02-20,Tue,大馬彩,Elvis Presley / 猫王,Magnum 4D 萬能
4375,Consolation,4680/18,2018-02-20,Tue,大馬彩,ASTRONOMER,Damacai 大馬彩
4375,Consolation,4680/18,2018-02-20,Tue,大馬彩,Chess / 军棋,Sports Toto 多多
4375,Special,2633/17,2017-03-18,Sat,沙巴彩,Elvis Presley / 猫王,Magnum 4D 萬能
4375,Special,2633/17,2017-03-18,Sat,沙巴彩,ASTRONOMER,Damacai 大馬彩
4375,Special,2633/17,2017-03-18,Sat,沙巴彩,Chess / 军棋,Sports Toto 多多
4375,Consolation,4519/16,2016-12-11,Sun,多多,Elvis Presley / 猫王,Magnum 4D 萬能
4375,Consolation,4519/16,2016-12-11,Sun,多多,ASTRONOMER,Damacai 大馬彩
4375,Consolation,4519/16,2016-12-11,Sun,多多,Chess / 军棋,Sports Toto 多多
4375,Consolation,157/16,2016-11-13,Sun,山打根馬會,Elvis Presley / 猫王,Magnum 4D 萬能
4375,Consolation,157/16,2016-11-13,Sun,山打根馬會,ASTRONOMER,Damacai 大馬彩
4375,Consolation,157/16,2016-11-13,Sun,山打根馬會,Chess / 军棋,Sports Toto 多多
4375,Special,143/16,2016-10-16,Sun,山打根馬會,Elvis Presley / 猫王,Magnum 4D 萬能
4375,Special,143/16,2016-10-16,Sun,山打根馬會,ASTRONOMER,Damacai 大馬彩
4375,Special,143/16,2016-10-16,Sun,山打根馬會,Chess / 军棋,Sports Toto 多多
4375,Consolation,127/16,2016-09-14,Wed,山打根馬會,Elvis Presley / 猫王,Magnum 4D 萬能
4375,Consolation,127/16,2016-09-14,Wed,山打根馬會,ASTRONOMER,Damacai 大馬彩
4375,Consolation,127/16,2016-09-14,Wed,山打根馬會,Chess / 军棋,Sports Toto 多多
4375,Special,4001,2016-09-10,Sat,星池,Elvis Presley / 猫王,Magnum 4D 萬能
4375,Special,4001,2016-09-10,Sat,星池,ASTRONOMER,Damacai 大馬彩
4375,Special,4001,2016-09-10,Sat,星池,Chess / 军棋,Sports Toto 多多
4375,Special,4265/15,2015-10-28,Wed,大馬彩,Elvis Presley / 猫王,Magnum 4D 萬能
4375,Special,4265/15,2015-10-28,Wed,大馬彩,ASTRONOMER,Damacai 大馬彩
4375,Special,4265/15,2015-10-28,Wed,大馬彩,Chess / 军棋,Sports Toto 多多
4375,Consolation,3393/15,2015-05-05,Tue,砂大萬,Elvis Presley / 猫王,Magnum 4D 萬能
4375,Consolation,3393/15,2015-05-05,Tue,砂大萬,ASTRONOMER,Damacai 大馬彩
4375,Consolation,3393/15,2015-05-05,Tue,砂大萬,Chess / 军棋,Sports Toto 多多
4375,Consolation,1/15,2015-01-03,Sat,山打根馬會,Elvis Presley / 猫王,Magnum 4D 萬能
4375,Consolation,1/15,2015-01-03,Sat,山打根馬會,ASTRONOMER,Damacai 大馬彩
4375,Consolation,1/15,2015-01-03,Sat,山打根馬會,Chess / 军棋,Sports Toto 多多
4375,Special,3635,2014-05-10,Sat,星池,Elvis Presley / 猫王,Magnum 4D 萬能
4375,Special,3635,2014-05-10,Sat,星池,ASTRONOMER,Damacai 大馬彩
4375,Special,3635,2014-05-10,Sat,星池,Chess / 军棋,Sports Toto 多多
4375,Special,5/14,2014-01-08,Wed,山打根馬會,Elvis Presley / 猫王,Magnum 4D 萬能
4375,Special,5/14,2014-01-08,Wed,山打根馬會,ASTRONOMER,Damacai 大馬彩
4375,Special,5/14,2014-01-08,Wed,山打根馬會,Chess / 军棋,Sports Toto 多多
4375,Consolation,3896/13,2013-10-02,Wed,大馬彩,Elvis Presley / 猫王,Magnum 4D 萬能
4375,Consolation,3896/13,2013-10-02,Wed,大馬彩,ASTRONOMER,Damacai 大馬彩
4375,Consolation,3896/13,2013-10-02,Wed,大馬彩,Chess / 军棋,Sports Toto 多多
4375,Consolation,1964/13,2013-06-19,Wed,沙巴彩,Elvis Presley / 猫王,Magnum 4D 萬能
4375,Consolation,1964/13,2013-06-19,Wed,沙巴彩,ASTRONOMER,Damacai 大馬彩
4375,Consolation,1964/13,2013-06-19,Wed,沙巴彩,Chess / 军棋,Sports Toto 多多
4375,Special,3852/13,2013-03-16,Sat,多多,Elvis Presley / 猫王,Magnum 4D 萬能
4375,Special,3852/13,2013-03-16,Sat,多多,ASTRONOMER,Damacai 大馬彩
4375,Special,3852/13,2013-03-16,Sat,多多,Chess / 军棋,Sports Toto 多多
4375,Special,3443/2013,2013-02-16,Sat,星池,Elvis Presley / 猫王,Magnum 4D 萬能
4375,Special,3443/2013,2013-02-16,Sat,星池,ASTRONOMER,Damacai 大馬彩
4375,Special,3443/2013,2013-02-16,Sat,星池,Chess / 军棋,Sports Toto 多多
4375,Special,2971/12,2012-12-26,Wed,砂大萬,Elvis Presley / 猫王,Magnum 4D 萬能
4375,Special,2971/12,2012-12-26,Wed,砂大萬,ASTRONOMER,Damacai 大馬彩
4375,Special,2971/12,2012-12-26,Wed,砂大萬,Chess / 军棋,Sports Toto 多多
4375,Special,3282/2012,2012-02-05,Sun,星池,Elvis Presley / 猫王,Magnum 4D 萬能
4375,Special,3282/2012,2012-02-05,Sun,星池,ASTRONOMER,Damacai 大馬彩
4375,Special,3282/2012,2012-02-05,Sun,星池,Chess / 军棋,Sports Toto 多多
4375,Consolation,82/11,2011-06-15,Wed,山打根馬會,Elvis Presley / 猫王,Magnum 4D 萬能
4375,Consolation,82/11,2011-06-15,Wed,山打根馬會,ASTRONOMER,Damacai 大馬彩
4375,Consolation,82/11,2011-06-15,Wed,山打根馬會,Chess / 军棋,Sports Toto 多多
4375,Special,034/11,2011-03-06,Sun,山打根馬會,Elvis Presley / 猫王,Magnum 4D 萬能
4375,Special,034/11,2011-03-06,Sun,山打根馬會,ASTRONOMER,Damacai 大馬彩
4375,Special,034/11,2011-03-06,Sun,山打根馬會,Chess / 军棋,Sports Toto 多多
4375,2ND,3406/10,2011-01-01,Sat,大馬彩,Elvis Presley / 猫王,Magnum 4D 萬能
4375,2ND,3406/10,2011-01-01,Sat,大馬彩,ASTRONOMER,Damacai 大馬彩
4375,2ND,3406/10,2011-01-01,Sat,大馬彩,Chess / 军棋,Sports Toto 多多
4375,Consolation,663/10,2010-11-24,Wed,萬能,Elvis Presley / 猫王,Magnum 4D 萬能
4375,Consolation,663/10,2010-11-24,Wed,萬能,ASTRONOMER,Damacai 大馬彩
4375,Consolation,663/10,2010-11-24,Wed,萬能,Chess / 军棋,Sports Toto 多多
4375,Consolation,3338/10,2010-08-08,Sun,大馬彩,Elvis Presley / 猫王,Magnum 4D 萬能
4375,Consolation,3338/10,2010-08-08,Sun,大馬彩,ASTRONOMER,Damacai 大馬彩
4375,Consolation,3338/10,2010-08-08,Sun,大馬彩,Chess / 军棋,Sports Toto 多多
4375,Consolation,3037/2010,2010-07-14,Wed,星池,Elvis Presley / 猫王,Magnum 4D 萬能
4375,Consolation,3037/2010,2010-07-14,Wed,星池,ASTRONOMER,Damacai 大馬彩
4375,Consolation,3037/2010,2010-07-14,Wed,星池,Chess / 军棋,Sports Toto 多多
4375,Special,3322/10,2010-07-07,Wed,大馬彩,Elvis Presley / 猫王,Magnum 4D 萬能
4375,Special,3322/10,2010-07-07,Wed,大馬彩,ASTRONOMER,Damacai 大馬彩
4375,Special,3322/10,2010-07-07,Wed,大馬彩,Chess / 军棋,Sports Toto 多多
4375,Consolation,488/09,2009-11-28,Sat,萬能,Elvis Presley / 猫王,Magnum 4D 萬能
4375,Consolation,488/09,2009-11-28,Sat,萬能,ASTRONOMER,Damacai 大馬彩
4375,Consolation,488/09,2009-11-28,Sat,萬能,Chess / 军棋,Sports Toto 多多
4375,Special,3097/09,2009-04-05,Sun,大馬彩,Elvis Presley / 猫王,Magnum 4D 萬能
4375,Special,3097/09,2009-04-05,Sun,大馬彩,ASTRONOMER,Damacai 大馬彩
4375,Special,3097/09,2009-04-05,Sun,大馬彩,Chess / 军棋,Sports Toto 多多
4375,3RD,200/08,2008-03-12,Wed,萬能,Elvis Presley / 猫王,Magnum 4D 萬能
4375,3RD,200/08,2008-03-12,Wed,萬能,ASTRONOMER,Damacai 大馬彩
4375,3RD,200/08,2008-03-12,Wed,萬能,Chess / 军棋,Sports Toto 多多
4375,Consolation,01/08,2008-01-02,Wed,山打根馬會,Elvis Presley / 猫王,Magnum 4D 萬能
4375,Consolation,01/08,2008-01-02,Wed,山打根馬會,ASTRONOMER,Damacai 大馬彩
4375,Consolation,01/08,2008-01-02,Wed,山打根馬會,Chess / 军棋,Sports Toto 多多
4375,Consolation,2802/07,2007-06-16,Sat,大馬彩,Elvis Presley / 猫王,Magnum 4D 萬能
4375,Consolation,2802/07,2007-06-16,Sat,大馬彩,ASTRONOMER,Damacai 大馬彩
4375,Consolation,2802/07,2007-06-16,Sat,大馬彩,Chess / 军棋,Sports Toto 多多
4375,Special,096/06,2006-08-12,Sat,萬能,Elvis Presley / 猫王,Magnum 4D 萬能
4375,Special,096/06,2006-08-12,Sat,萬能,ASTRONOMER,Damacai 大馬彩
4375,Special,096/06,2006-08-12,Sat,萬能,Chess / 军棋,Sports Toto 多多
4375,Special,1821/06,2006-04-23,Sun,砂大萬,Elvis Presley / 猫王,Magnum 4D 萬能
4375,Special,1821/06,2006-04-23,Sun,砂大萬,ASTRONOMER,Damacai 大馬彩
4375,Special,1821/06,2006-04-23,Sun,砂大萬,Chess / 军棋,Sports Toto 多多
4375,Special,2633/06,2006-02-21,Tue,多多,Elvis Presley / 猫王,Magnum 4D 萬能
4375,Special,2633/06,2006-02-21,Tue,多多,ASTRONOMER,Damacai 大馬彩
4375,Special,2633/06,2006-02-21,Tue,多多,Chess / 军棋,Sports Toto 多多
4375,Consolation,2549/05,2005-08-27,Sat,多多,Elvis Presley / 猫王,Magnum 4D 萬能
4375,Consolation,2549/05,2005-08-27,Sat,多多,ASTRONOMER,Damacai 大馬彩
4375,Consolation,2549/05,2005-08-27,Sat,多多,Chess / 军棋,Sports Toto 多多
4375,Consolation,2514/05,2005-06-12,Sun,多多,Elvis Presley / 猫王,Magnum 4D 萬能
4375,Consolation,2514/05,2005-06-12,Sun,多多,ASTRONOMER,Damacai 大馬彩
4375,Consolation,2514/05,2005-06-12,Sun,多多,Chess / 军棋,Sports Toto 多多
4375,Consolation,1/05,2005-01-01,Sat,山打根馬會,Elvis Presley / 猫王,Magnum 4D 萬能
4375,Consolation,1/05,2005-01-01,Sat,山打根馬會,ASTRONOMER,Damacai 大馬彩
4375,Consolation,1/05,2005-01-01,Sat,山打根馬會,Chess / 军棋,Sports Toto 多多
4375,Special,116/04,2004-09-19,Sun,山打根馬會,Elvis Presley / 猫王,Magnum 4D 萬能
4375,Special,116/04,2004-09-19,Sun,山打根馬會,ASTRONOMER,Damacai 大馬彩
4375,Special,116/04,2004-09-19,Sun,山打根馬會,Chess / 军棋,Sports Toto 多多
4375,Consolation,403/04,2004-05-23,Sun,沙巴彩,Elvis Presley / 猫王,Magnum 4D 萬能
4375,Consolation,403/04,2004-05-23,Sun,沙巴彩,ASTRONOMER,Damacai 大馬彩
4375,Consolation,403/04,2004-05-23,Sun,沙巴彩,Chess / 军棋,Sports Toto 多多
4375,Consolation,1987/2003,2003-10-29,Wed,星池,Elvis Presley / 猫王,Magnum 4D 萬能
4375,Consolation,1987/2003,2003-10-29,Wed,星池,ASTRONOMER,Damacai 大馬彩
4375,Consolation,1987/2003,2003-10-29,Wed,星池,Chess / 军棋,Sports Toto 多多
4375,Special,1953/2003,2003-08-10,Sun,星池,Elvis Presley / 猫王,Magnum 4D 萬能
4375,Special,1953/2003,2003-08-10,Sun,星池,ASTRONOMER,Damacai 大馬彩
4375,Special,1953/2003,2003-08-10,Sun,星池,Chess / 军棋,Sports Toto 多多
4375,Special,1354/03,2003-07-13,Sun,砂大萬,Elvis Presley / 猫王,Magnum 4D 萬能
4375,Special,1354/03,2003-07-13,Sun,砂大萬,ASTRONOMER,Damacai 大馬彩
4375,Special,1354/03,2003-07-13,Sun,砂大萬,Chess / 军棋,Sports Toto 多多
4375,Special,052/03,2003-04-30,Wed,萬能,Elvis Presley / 猫王,Magnum 4D 萬能
4375,Special,052/03,2003-04-30,Wed,萬能,ASTRONOMER,Damacai 大馬彩
4375,Special,052/03,2003-04-30,Wed,萬能,Chess / 军棋,Sports Toto 多多
4375,Consolation,20/03,2003-02-09,Sun,山打根馬會,Elvis Presley / 猫王,Magnum 4D 萬能
4375,Consolation,20/03,2003-02-09,Sun,山打根馬會,ASTRONOMER,Damacai 大馬彩
4375,Consolation,20/03,2003-02-09,Sun,山打根馬會,Chess / 军棋,Sports Toto 多多
4375,Special,1241/02,2002-11-05,Tue,砂大萬,Elvis Presley / 猫王,Magnum 4D 萬能
4375,Special,1241/02,2002-11-05,Tue,砂大萬,ASTRONOMER,Damacai 大馬彩
4375,Special,1241/02,2002-11-05,Tue,砂大萬,Chess / 军棋,Sports Toto 多多
4375,Consolation,134/02,2002-10-20,Sun,山打根馬會,Elvis Presley / 猫王,Magnum 4D 萬能
4375,Consolation,134/02,2002-10-20,Sun,山打根馬會,ASTRONOMER,Damacai 大馬彩
4375,Consolation,134/02,2002-10-20,Sun,山打根馬會,Chess / 军棋,Sports Toto 多多
4375,Special,2012/02,2002-10-06,Sun,大馬彩,Elvis Presley / 猫王,Magnum 4D 萬能
4375,Special,2012/02,2002-10-06,Sun,大馬彩,ASTRONOMER,Damacai 大馬彩
4375,Special,2012/02,2002-10-06,Sun,大馬彩,Chess / 军棋,Sports Toto 多多
4375,Special,1106/02,2002-01-09,Wed,砂大萬,Elvis Presley / 猫王,Magnum 4D 萬能
4375,Special,1106/02,2002-01-09,Wed,砂大萬,ASTRONOMER,Damacai 大馬彩
4375,Special,1106/02,2002-01-09,Wed,砂大萬,Chess / 军棋,Sports Toto 多多
4375,Special,1939/01,2001-12-29,Sat,多多,Elvis Presley / 猫王,Magnum 4D 萬能
4375,Special,1939/01,2001-12-29,Sat,多多,ASTRONOMER,Damacai 大馬彩
4375,Special,1939/01,2001-12-29,Sat,多多,Chess / 军棋,Sports Toto 多多
4375,Special,1874/01,2001-12-01,Sat,大馬彩,Elvis Presley / 猫王,Magnum 4D 萬能
4375,Special,1874/01,2001-12-01,Sat,大馬彩,ASTRONOMER,Damacai 大馬彩
4375,Special,1874/01,2001-12-01,Sat,大馬彩,Chess / 军棋,Sports Toto 多多
4375,Special,1832/01,2001-08-29,Wed,大馬彩,Elvis Presley / 猫王,Magnum 4D 萬能
4375,Special,1832/01,2001-08-29,Wed,大馬彩,ASTRONOMER,Damacai 大馬彩
4375,Special,1832/01,2001-08-29,Wed,大馬彩,Chess / 军棋,Sports Toto 多多
4375,Consolation,1016/01,2001-06-27,Wed,砂大萬,Elvis Presley / 猫王,Magnum 4D 萬能
4375,Consolation,1016/01,2001-06-27,Wed,砂大萬,ASTRONOMER,Damacai 大馬彩
4375,Consolation,1016/01,2001-06-27,Wed,砂大萬,Chess / 军棋,Sports Toto 多多
4375,Consolation,1763/01,2001-03-25,Sun,大馬彩,Elvis Presley / 猫王,Magnum 4D 萬能
4375,Consolation,1763/01,2001-03-25,Sun,大馬彩,ASTRONOMER,Damacai 大馬彩
4375,Consolation,1763/01,2001-03-25,Sun,大馬彩,Chess / 军棋,Sports Toto 多多
4375,Special,28/2001,2001-03-03,Sat,山打根馬會,Elvis Presley / 猫王,Magnum 4D 萬能
4375,Special,28/2001,2001-03-03,Sat,山打根馬會,ASTRONOMER,Damacai 大馬彩
4375,Special,28/2001,2001-03-03,Sat,山打根馬會,Chess / 军棋,Sports Toto 多多
4375,Special,148/1999,1999-11-24,Wed,山打根馬會,Elvis Presley / 猫王,Magnum 4D 萬能
4375,Special,148/1999,1999-11-24,Wed,山打根馬會,ASTRONOMER,Damacai 大馬彩
4375,Special,148/1999,1999-11-24,Wed,山打根馬會,Chess / 军棋,Sports Toto 多多
4375,Consolation,126/1997,1997-10-19,Sun,山打根馬會,Elvis Presley / 猫王,Magnum 4D 萬能
4375,Consolation,126/1997,1997-10-19,Sun,山打根馬會,ASTRONOMER,Damacai 大馬彩
4375,Consolation,126/1997,1997-10-19,Sun,山打根馬會,Chess / 军棋,Sports Toto 多多
4375,Consolation,1207/97,1997-10-15,Wed,大馬彩,Elvis Presley / 猫王,Magnum 4D 萬能
4375,Consolation,1207/97,1997-10-15,Wed,大馬彩,ASTRONOMER,Damacai 大馬彩
4375,Consolation,1207/97,1997-10-15,Wed,大馬彩,Chess / 军棋,Sports Toto 多多
4375,Consolation,0333/97,1997-03-30,Sun,砂大萬,Elvis Presley / 猫王,Magnum 4D 萬能
4375,Consolation,0333/97,1997-03-30,Sun,砂大萬,ASTRONOMER,Damacai 大馬彩
4375,Consolation,0333/97,1997-03-30,Sun,砂大萬,Chess / 军棋,Sports Toto 多多
4375,1ST,1087/97,1997-01-08,Wed,大馬彩,Elvis Presley / 猫王,Magnum 4D 萬能
4375,1ST,1087/97,1997-01-08,Wed,大馬彩,ASTRONOMER,Damacai 大馬彩
4375,1ST,1087/97,1997-01-08,Wed,大馬彩,Chess / 军棋,Sports Toto 多多
4375,Special,D19960804,1996-08-04,Sun,星池,Elvis Presley / 猫王,Magnum 4D 萬能
4375,Special,D19960804,1996-08-04,Sun,星池,ASTRONOMER,Damacai 大馬彩
4375,Special,D19960804,1996-08-04,Sun,星池,Chess / 军棋,Sports Toto 多多
4375,Special,067/96,1996-06-05,Wed,萬能,Elvis Presley / 猫王,Magnum 4D 萬能
4375,Special,067/96,1996-06-05,Wed,萬能,ASTRONOMER,Damacai 大馬彩
4375,Special,067/96,1996-06-05,Wed,萬能,Chess / 军棋,Sports Toto 多多
4375,Special,46/1996,1996-04-17,Wed,山打根馬會,Elvis Presley / 猫王,Magnum 4D 萬能
4375,Special,46/1996,1996-04-17,Wed,山打根馬會,ASTRONOMER,Damacai 大馬彩
4375,Special,46/1996,1996-04-17,Wed,山打根馬會,Chess / 军棋,Sports Toto 多多
4375,2ND,105/95,1995-09-02,Sat,萬能,Elvis Presley / 猫王,Magnum 4D 萬能
4375,2ND,105/95,1995-09-02,Sat,萬能,ASTRONOMER,Damacai 大馬彩
4375,2ND,105/95,1995-09-02,Sat,萬能,Chess / 军棋,Sports Toto 多多
4375,Special,873/95,1995-04-26,Wed,多多,Elvis Presley / 猫王,Magnum 4D 萬能
4375,Special,873/95,1995-04-26,Wed,多多,ASTRONOMER,Damacai 大馬彩
4375,Special,873/95,1995-04-26,Wed,多多,Chess / 军棋,Sports Toto 多多
4375,Special,012/91,1991-01-28,Mon,萬能,Elvis Presley / 猫王,Magnum 4D 萬能
4375,Special,012/91,1991-01-28,Mon,萬能,ASTRONOMER,Damacai 大馬彩
4375,Special,012/91,1991-01-28,Mon,萬能,Chess / 军棋,Sports Toto 多多
4375,Consolation,D19900707,1990-07-07,Sat,星池,Elvis Presley / 猫王,Magnum 4D 萬能
4375,Consolation,D19900707,1990-07-07,Sat,星池,ASTRONOMER,Damacai 大馬彩
4375,Consolation,D19900707,1990-07-07,Sat,星池,Chess / 军棋,Sports Toto 多多
4375,Special,D19881113,1988-11-13,Sun,星池,Elvis Presley / 猫王,Magnum 4D 萬能
4375,Special,D19881113,1988-11-13,Sun,星池,ASTRONOMER,Damacai 大馬彩
4375,Special,D19881113,1988-11-13,Sun,星池,Chess / 军棋,Sports Toto 多多
4375,Special,135/86,1986-11-09,Sun,萬能,Elvis Presley / 猫王,Magnum 4D 萬能
4375,Special,135/86,1986-11-09,Sun,萬能,ASTRONOMER,Damacai 大馬彩
4375,Special,135/86,1986-11-09,Sun,萬能,Chess / 军棋,Sports Toto 多多
4375,Consolation,069/86,1986-06-08,Sun,萬能,Elvis Presley / 猫王,Magnum 4D 萬能
4375,Consolation,069/86,1986-06-08,Sun,萬能,ASTRONOMER,Damacai 大馬彩
4375,Consolation,069/86,1986-06-08,Sun,萬能,Chess / 军棋,Sports Toto 多多
