开彩日期,开彩日,彩号,秦庄,彩金,抽奖,图译,秦典
2024-09-28,Sat,7683,山打根馬會,Special,122/24,Night Vision Goggles / 夜光镜,Magnum 4D 萬能
2024-09-28,Sat,7683,山打根馬會,Special,122/24,SEAFOOD FRAUD,Damacai 大馬彩
2024-09-28,Sat,7683,山打根馬會,Special,122/24,Gunny sack / 麻包,Sports Toto 多多
2024-03-17,Sun,7683,山打根馬會,Special,036/24,Night Vision Goggles / 夜光镜,Magnum 4D 萬能
2024-03-17,Sun,7683,山打根馬會,Special,036/24,SEAFOOD FRAUD,Damacai 大馬彩
2024-03-17,Sun,7683,山打根馬會,Special,036/24,Gunny sack / 麻包,Sports Toto 多多
2022-12-21,Wed,7683,沙巴彩,Consolation,3636/22,Night Vision Goggles / 夜光镜,Magnum 4D 萬能
2022-12-21,Wed,7683,沙巴彩,Consolation,3636/22,SEAFOOD FRAUD,Damacai 大馬彩
2022-12-21,Wed,7683,沙巴彩,Consolation,3636/22,Gunny sack / 麻包,Sports Toto 多多
2022-10-23,Sun,7683,萬能,1ST,775/22,Night Vision Goggles / 夜光镜,Magnum 4D 萬能
2022-10-23,Sun,7683,萬能,1ST,775/22,SEAFOOD FRAUD,Damacai 大馬彩
2022-10-23,Sun,7683,萬能,1ST,775/22,Gunny sack / 麻包,Sports Toto 多多
2022-08-06,Sat,7683,萬能,Consolation,736/22,Night Vision Goggles / 夜光镜,Magnum 4D 萬能
2022-08-06,Sat,7683,萬能,Consolation,736/22,SEAFOOD FRAUD,Damacai 大馬彩
2022-08-06,Sat,7683,萬能,Consolation,736/22,Gunny sack / 麻包,Sports Toto 多多
2021-09-15,Wed,7683,萬能,Consolation,580/21,Night Vision Goggles / 夜光镜,Magnum 4D 萬能
2021-09-15,Wed,7683,萬能,Consolation,580/21,SEAFOOD FRAUD,Damacai 大馬彩
2021-09-15,Wed,7683,萬能,Consolation,580/21,Gunny sack / 麻包,Sports Toto 多多
2021-02-16,Tue,7683,多多,Special,5242/21,Night Vision Goggles / 夜光镜,Magnum 4D 萬能
2021-02-16,Tue,7683,多多,Special,5242/21,SEAFOOD FRAUD,Damacai 大馬彩
2021-02-16,Tue,7683,多多,Special,5242/21,Gunny sack / 麻包,Sports Toto 多多
2020-10-11,Sun,7683,多多,Special,5181/20,Night Vision Goggles / 夜光镜,Magnum 4D 萬能
2020-10-11,Sun,7683,多多,Special,5181/20,SEAFOOD FRAUD,Damacai 大馬彩
2020-10-11,Sun,7683,多多,Special,5181/20,Gunny sack / 麻包,Sports Toto 多多
2019-10-12,Sat,7683,大馬彩,Special,4963/19,Night Vision Goggles / 夜光镜,Magnum 4D 萬能
2019-10-12,Sat,7683,大馬彩,Special,4963/19,SEAFOOD FRAUD,Damacai 大馬彩
2019-10-12,Sat,7683,大馬彩,Special,4963/19,Gunny sack / 麻包,Sports Toto 多多
2019-10-12,Sat,7683,大馬彩,1ST,4963/19,Night Vision Goggles / 夜光镜,Magnum 4D 萬能
2019-10-12,Sat,7683,大馬彩,1ST,4963/19,SEAFOOD FRAUD,Damacai 大馬彩
2019-10-12,Sat,7683,大馬彩,1ST,4963/19,Gunny sack / 麻包,Sports Toto 多多
2019-09-22,Sun,7683,星池,Consolation,4476,Night Vision Goggles / 夜光镜,Magnum 4D 萬能
2019-09-22,Sun,7683,星池,Consolation,4476,SEAFOOD FRAUD,Damacai 大馬彩
2019-09-22,Sun,7683,星池,Consolation,4476,Gunny sack / 麻包,Sports Toto 多多
2019-06-16,Sun,7683,星池,Consolation,4434,Night Vision Goggles / 夜光镜,Magnum 4D 萬能
2019-06-16,Sun,7683,星池,Consolation,4434,SEAFOOD FRAUD,Damacai 大馬彩
2019-06-16,Sun,7683,星池,Consolation,4434,Gunny sack / 麻包,Sports Toto 多多
2018-10-10,Wed,7683,星池,3RD,4327,Night Vision Goggles / 夜光镜,Magnum 4D 萬能
2018-10-10,Wed,7683,星池,3RD,4327,SEAFOOD FRAUD,Damacai 大馬彩
2018-10-10,Wed,7683,星池,3RD,4327,Gunny sack / 麻包,Sports Toto 多多
2018-07-29,Sun,7683,沙巴彩,Special,2874/18,Night Vision Goggles / 夜光镜,Magnum 4D 萬能
2018-07-29,Sun,7683,沙巴彩,Special,2874/18,SEAFOOD FRAUD,Damacai 大馬彩
2018-07-29,Sun,7683,沙巴彩,Special,2874/18,Gunny sack / 麻包,Sports Toto 多多
2018-06-06,Wed,7683,山打根馬會,Special,076/18,Night Vision Goggles / 夜光镜,Magnum 4D 萬能
2018-06-06,Wed,7683,山打根馬會,Special,076/18,SEAFOOD FRAUD,Damacai 大馬彩
2018-06-06,Wed,7683,山打根馬會,Special,076/18,Gunny sack / 麻包,Sports Toto 多多
2018-05-06,Sun,7683,多多,Consolation,4770/18,Night Vision Goggles / 夜光镜,Magnum 4D 萬能
2018-05-06,Sun,7683,多多,Consolation,4770/18,SEAFOOD FRAUD,Damacai 大馬彩
2018-05-06,Sun,7683,多多,Consolation,4770/18,Gunny sack / 麻包,Sports Toto 多多
2017-10-18,Wed,7683,星池,1ST,4174,Night Vision Goggles / 夜光镜,Magnum 4D 萬能
2017-10-18,Wed,7683,星池,1ST,4174,SEAFOOD FRAUD,Damacai 大馬彩
2017-10-18,Wed,7683,星池,1ST,4174,Gunny sack / 麻包,Sports Toto 多多
2017-06-18,Sun,7683,星池,Special,4122,Night Vision Goggles / 夜光镜,Magnum 4D 萬能
2017-06-18,Sun,7683,星池,Special,4122,SEAFOOD FRAUD,Damacai 大馬彩
2017-06-18,Sun,7683,星池,Special,4122,Gunny sack / 麻包,Sports Toto 多多
2016-12-06,Tue,7683,萬能,Consolation,744/16,Night Vision Goggles / 夜光镜,Magnum 4D 萬能
2016-12-06,Tue,7683,萬能,Consolation,744/16,SEAFOOD FRAUD,Damacai 大馬彩
2016-12-06,Tue,7683,萬能,Consolation,744/16,Gunny sack / 麻包,Sports Toto 多多
2016-11-05,Sat,7683,多多,Consolation,4501/16,Night Vision Goggles / 夜光镜,Magnum 4D 萬能
2016-11-05,Sat,7683,多多,Consolation,4501/16,SEAFOOD FRAUD,Damacai 大馬彩
2016-11-05,Sat,7683,多多,Consolation,4501/16,Gunny sack / 麻包,Sports Toto 多多
2016-10-12,Wed,7683,大馬彩,Consolation,4436/16,Night Vision Goggles / 夜光镜,Magnum 4D 萬能
2016-10-12,Wed,7683,大馬彩,Consolation,4436/16,SEAFOOD FRAUD,Damacai 大馬彩
2016-10-12,Wed,7683,大馬彩,Consolation,4436/16,Gunny sack / 麻包,Sports Toto 多多
2016-09-03,Sat,7683,大馬彩,Consolation,4416/16,Night Vision Goggles / 夜光镜,Magnum 4D 萬能
2016-09-03,Sat,7683,大馬彩,Consolation,4416/16,SEAFOOD FRAUD,Damacai 大馬彩
2016-09-03,Sat,7683,大馬彩,Consolation,4416/16,Gunny sack / 麻包,Sports Toto 多多
2016-08-31,Wed,7683,萬能,Consolation,695/16,Night Vision Goggles / 夜光镜,Magnum 4D 萬能
2016-08-31,Wed,7683,萬能,Consolation,695/16,SEAFOOD FRAUD,Damacai 大馬彩
2016-08-31,Wed,7683,萬能,Consolation,695/16,Gunny sack / 麻包,Sports Toto 多多
2015-12-27,Sun,7683,萬能,Special,571/15,Night Vision Goggles / 夜光镜,Magnum 4D 萬能
2015-12-27,Sun,7683,萬能,Special,571/15,SEAFOOD FRAUD,Damacai 大馬彩
2015-12-27,Sun,7683,萬能,Special,571/15,Gunny sack / 麻包,Sports Toto 多多
2015-12-06,Sun,7683,砂大萬,Special,3497/15,Night Vision Goggles / 夜光镜,Magnum 4D 萬能
2015-12-06,Sun,7683,砂大萬,Special,3497/15,SEAFOOD FRAUD,Damacai 大馬彩
2015-12-06,Sun,7683,砂大萬,Special,3497/15,Gunny sack / 麻包,Sports Toto 多多
2015-09-20,Sun,7683,星池,Consolation,3849,Night Vision Goggles / 夜光镜,Magnum 4D 萬能
2015-09-20,Sun,7683,星池,Consolation,3849,SEAFOOD FRAUD,Damacai 大馬彩
2015-09-20,Sun,7683,星池,Consolation,3849,Gunny sack / 麻包,Sports Toto 多多
2015-09-05,Sat,7683,星池,Special,3842,Night Vision Goggles / 夜光镜,Magnum 4D 萬能
2015-09-05,Sat,7683,星池,Special,3842,SEAFOOD FRAUD,Damacai 大馬彩
2015-09-05,Sat,7683,星池,Special,3842,Gunny sack / 麻包,Sports Toto 多多
2015-07-01,Wed,7683,大馬彩,3RD,4208/15,Night Vision Goggles / 夜光镜,Magnum 4D 萬能
2015-07-01,Wed,7683,大馬彩,3RD,4208/15,SEAFOOD FRAUD,Damacai 大馬彩
2015-07-01,Wed,7683,大馬彩,3RD,4208/15,Gunny sack / 麻包,Sports Toto 多多
2015-03-28,Sat,7683,萬能,Consolation,437/15,Night Vision Goggles / 夜光镜,Magnum 4D 萬能
2015-03-28,Sat,7683,萬能,Consolation,437/15,SEAFOOD FRAUD,Damacai 大馬彩
2015-03-28,Sat,7683,萬能,Consolation,437/15,Gunny sack / 麻包,Sports Toto 多多
2014-01-29,Wed,7683,萬能,1ST,230/14,Night Vision Goggles / 夜光镜,Magnum 4D 萬能
2014-01-29,Wed,7683,萬能,1ST,230/14,SEAFOOD FRAUD,Damacai 大馬彩
2014-01-29,Wed,7683,萬能,1ST,230/14,Gunny sack / 麻包,Sports Toto 多多
2013-12-03,Tue,7683,沙巴彩,Consolation,2045/13,Night Vision Goggles / 夜光镜,Magnum 4D 萬能
2013-12-03,Tue,7683,沙巴彩,Consolation,2045/13,SEAFOOD FRAUD,Damacai 大馬彩
2013-12-03,Tue,7683,沙巴彩,Consolation,2045/13,Gunny sack / 麻包,Sports Toto 多多
2013-10-27,Sun,7683,多多,Special,3960/13,Night Vision Goggles / 夜光镜,Magnum 4D 萬能
2013-10-27,Sun,7683,多多,Special,3960/13,SEAFOOD FRAUD,Damacai 大馬彩
2013-10-27,Sun,7683,多多,Special,3960/13,Gunny sack / 麻包,Sports Toto 多多
2012-06-06,Wed,7683,沙巴彩,Special,1780/12,Night Vision Goggles / 夜光镜,Magnum 4D 萬能
2012-06-06,Wed,7683,沙巴彩,Special,1780/12,SEAFOOD FRAUD,Damacai 大馬彩
2012-06-06,Wed,7683,沙巴彩,Special,1780/12,Gunny sack / 麻包,Sports Toto 多多
2012-01-08,Sun,7683,沙巴彩,Consolation,1705/12,Night Vision Goggles / 夜光镜,Magnum 4D 萬能
2012-01-08,Sun,7683,沙巴彩,Consolation,1705/12,SEAFOOD FRAUD,Damacai 大馬彩
2012-01-08,Sun,7683,沙巴彩,Consolation,1705/12,Gunny sack / 麻包,Sports Toto 多多
2011-07-13,Wed,7683,萬能,Special,776/11,Night Vision Goggles / 夜光镜,Magnum 4D 萬能
2011-07-13,Wed,7683,萬能,Special,776/11,SEAFOOD FRAUD,Damacai 大馬彩
2011-07-13,Wed,7683,萬能,Special,776/11,Gunny sack / 麻包,Sports Toto 多多
2010-08-18,Wed,7683,萬能,Consolation,617/10,Night Vision Goggles / 夜光镜,Magnum 4D 萬能
2010-08-18,Wed,7683,萬能,Consolation,617/10,SEAFOOD FRAUD,Damacai 大馬彩
2010-08-18,Wed,7683,萬能,Consolation,617/10,Gunny sack / 麻包,Sports Toto 多多
2010-08-14,Sat,7683,大馬彩,Special,3340/10,Night Vision Goggles / 夜光镜,Magnum 4D 萬能
2010-08-14,Sat,7683,大馬彩,Special,3340/10,SEAFOOD FRAUD,Damacai 大馬彩
2010-08-14,Sat,7683,大馬彩,Special,3340/10,Gunny sack / 麻包,Sports Toto 多多
2010-05-22,Sat,7683,山打根馬會,Consolation,70/10,Night Vision Goggles / 夜光镜,Magnum 4D 萬能
2010-05-22,Sat,7683,山打根馬會,Consolation,70/10,SEAFOOD FRAUD,Damacai 大馬彩
2010-05-22,Sat,7683,山打根馬會,Consolation,70/10,Gunny sack / 麻包,Sports Toto 多多
2010-05-12,Wed,7683,砂大萬,Consolation,2507/10,Night Vision Goggles / 夜光镜,Magnum 4D 萬能
2010-05-12,Wed,7683,砂大萬,Consolation,2507/10,SEAFOOD FRAUD,Damacai 大馬彩
2010-05-12,Wed,7683,砂大萬,Consolation,2507/10,Gunny sack / 麻包,Sports Toto 多多
2009-09-06,Sun,7683,沙巴彩,Consolation,1292/09,Night Vision Goggles / 夜光镜,Magnum 4D 萬能
2009-09-06,Sun,7683,沙巴彩,Consolation,1292/09,SEAFOOD FRAUD,Damacai 大馬彩
2009-09-06,Sun,7683,沙巴彩,Consolation,1292/09,Gunny sack / 麻包,Sports Toto 多多
2008-09-07,Sun,7683,多多,Special,3055/08,Night Vision Goggles / 夜光镜,Magnum 4D 萬能
2008-09-07,Sun,7683,多多,Special,3055/08,SEAFOOD FRAUD,Damacai 大馬彩
2008-09-07,Sun,7683,多多,Special,3055/08,Gunny sack / 麻包,Sports Toto 多多
2007-09-26,Wed,7683,大馬彩,Consolation,2848/07,Night Vision Goggles / 夜光镜,Magnum 4D 萬能
2007-09-26,Wed,7683,大馬彩,Consolation,2848/07,SEAFOOD FRAUD,Damacai 大馬彩
2007-09-26,Wed,7683,大馬彩,Consolation,2848/07,Gunny sack / 麻包,Sports Toto 多多
2007-09-23,Sun,7683,萬能,2ND,123/07,Night Vision Goggles / 夜光镜,Magnum 4D 萬能
2007-09-23,Sun,7683,萬能,2ND,123/07,SEAFOOD FRAUD,Damacai 大馬彩
2007-09-23,Sun,7683,萬能,2ND,123/07,Gunny sack / 麻包,Sports Toto 多多
2007-07-08,Sun,7683,萬能,Special,087/07,Night Vision Goggles / 夜光镜,Magnum 4D 萬能
2007-07-08,Sun,7683,萬能,Special,087/07,SEAFOOD FRAUD,Damacai 大馬彩
2007-07-08,Sun,7683,萬能,Special,087/07,Gunny sack / 麻包,Sports Toto 多多
2007-02-21,Wed,7683,多多,Special,2803/07,Night Vision Goggles / 夜光镜,Magnum 4D 萬能
2007-02-21,Wed,7683,多多,Special,2803/07,SEAFOOD FRAUD,Damacai 大馬彩
2007-02-21,Wed,7683,多多,Special,2803/07,Gunny sack / 麻包,Sports Toto 多多
2007-01-14,Sun,7683,星池,Consolation,2490/2007,Night Vision Goggles / 夜光镜,Magnum 4D 萬能
2007-01-14,Sun,7683,星池,Consolation,2490/2007,SEAFOOD FRAUD,Damacai 大馬彩
2007-01-14,Sun,7683,星池,Consolation,2490/2007,Gunny sack / 麻包,Sports Toto 多多
2006-08-27,Sun,7683,沙巴彩,3RD,786/06,Night Vision Goggles / 夜光镜,Magnum 4D 萬能
2006-08-27,Sun,7683,沙巴彩,3RD,786/06,SEAFOOD FRAUD,Damacai 大馬彩
2006-08-27,Sun,7683,沙巴彩,3RD,786/06,Gunny sack / 麻包,Sports Toto 多多
2005-11-30,Wed,7683,星池,Consolation,2314/2005,Night Vision Goggles / 夜光镜,Magnum 4D 萬能
2005-11-30,Wed,7683,星池,Consolation,2314/2005,SEAFOOD FRAUD,Damacai 大馬彩
2005-11-30,Wed,7683,星池,Consolation,2314/2005,Gunny sack / 麻包,Sports Toto 多多
2005-11-23,Wed,7683,星池,Special,2311/2005,Night Vision Goggles / 夜光镜,Magnum 4D 萬能
2005-11-23,Wed,7683,星池,Special,2311/2005,SEAFOOD FRAUD,Damacai 大馬彩
2005-11-23,Wed,7683,星池,Special,2311/2005,Gunny sack / 麻包,Sports Toto 多多
2005-07-13,Wed,7683,星池,Consolation,2254/2005,Night Vision Goggles / 夜光镜,Magnum 4D 萬能
2005-07-13,Wed,7683,星池,Consolation,2254/2005,SEAFOOD FRAUD,Damacai 大馬彩
2005-07-13,Wed,7683,星池,Consolation,2254/2005,Gunny sack / 麻包,Sports Toto 多多
2005-05-25,Wed,7683,山打根馬會,Consolation,71/05,Night Vision Goggles / 夜光镜,Magnum 4D 萬能
2005-05-25,Wed,7683,山打根馬會,Consolation,71/05,SEAFOOD FRAUD,Damacai 大馬彩
2005-05-25,Wed,7683,山打根馬會,Consolation,71/05,Gunny sack / 麻包,Sports Toto 多多
2004-10-24,Sun,7683,多多,Special,2405/04,Night Vision Goggles / 夜光镜,Magnum 4D 萬能
2004-10-24,Sun,7683,多多,Special,2405/04,SEAFOOD FRAUD,Damacai 大馬彩
2004-10-24,Sun,7683,多多,Special,2405/04,Gunny sack / 麻包,Sports Toto 多多
2004-08-11,Wed,7683,星池,Consolation,2110/2004,Night Vision Goggles / 夜光镜,Magnum 4D 萬能
2004-08-11,Wed,7683,星池,Consolation,2110/2004,SEAFOOD FRAUD,Damacai 大馬彩
2004-08-11,Wed,7683,星池,Consolation,2110/2004,Gunny sack / 麻包,Sports Toto 多多
2003-07-27,Sun,7683,星池,Consolation,1947/2003,Night Vision Goggles / 夜光镜,Magnum 4D 萬能
2003-07-27,Sun,7683,星池,Consolation,1947/2003,SEAFOOD FRAUD,Damacai 大馬彩
2003-07-27,Sun,7683,星池,Consolation,1947/2003,Gunny sack / 麻包,Sports Toto 多多
2003-05-14,Wed,7683,多多,Consolation,2164/03,Night Vision Goggles / 夜光镜,Magnum 4D 萬能
2003-05-14,Wed,7683,多多,Consolation,2164/03,SEAFOOD FRAUD,Damacai 大馬彩
2003-05-14,Wed,7683,多多,Consolation,2164/03,Gunny sack / 麻包,Sports Toto 多多
2003-02-01,Sat,7683,星池,Special,1871/2003,Night Vision Goggles / 夜光镜,Magnum 4D 萬能
2003-02-01,Sat,7683,星池,Special,1871/2003,SEAFOOD FRAUD,Damacai 大馬彩
2003-02-01,Sat,7683,星池,Special,1871/2003,Gunny sack / 麻包,Sports Toto 多多
2002-11-26,Tue,7683,砂大萬,Consolation,1251/02,Night Vision Goggles / 夜光镜,Magnum 4D 萬能
2002-11-26,Tue,7683,砂大萬,Consolation,1251/02,SEAFOOD FRAUD,Damacai 大馬彩
2002-11-26,Tue,7683,砂大萬,Consolation,1251/02,Gunny sack / 麻包,Sports Toto 多多
2002-07-13,Sat,7683,砂大萬,Consolation,1190/02,Night Vision Goggles / 夜光镜,Magnum 4D 萬能
2002-07-13,Sat,7683,砂大萬,Consolation,1190/02,SEAFOOD FRAUD,Damacai 大馬彩
2002-07-13,Sat,7683,砂大萬,Consolation,1190/02,Gunny sack / 麻包,Sports Toto 多多
2002-02-27,Wed,7683,砂大萬,1ST,1128/02,Night Vision Goggles / 夜光镜,Magnum 4D 萬能
2002-02-27,Wed,7683,砂大萬,1ST,1128/02,SEAFOOD FRAUD,Damacai 大馬彩
2002-02-27,Wed,7683,砂大萬,1ST,1128/02,Gunny sack / 麻包,Sports Toto 多多
2002-02-14,Thu,7683,多多,Consolation,1961/02,Night Vision Goggles / 夜光镜,Magnum 4D 萬能
2002-02-14,Thu,7683,多多,Consolation,1961/02,SEAFOOD FRAUD,Damacai 大馬彩
2002-02-14,Thu,7683,多多,Consolation,1961/02,Gunny sack / 麻包,Sports Toto 多多
2002-02-13,Wed,7683,多多,Consolation,1960/02,Night Vision Goggles / 夜光镜,Magnum 4D 萬能
2002-02-13,Wed,7683,多多,Consolation,1960/02,SEAFOOD FRAUD,Damacai 大馬彩
2002-02-13,Wed,7683,多多,Consolation,1960/02,Gunny sack / 麻包,Sports Toto 多多
2001-01-21,Sun,7683,萬能,Consolation,009/01,Night Vision Goggles / 夜光镜,Magnum 4D 萬能
2001-01-21,Sun,7683,萬能,Consolation,009/01,SEAFOOD FRAUD,Damacai 大馬彩
2001-01-21,Sun,7683,萬能,Consolation,009/01,Gunny sack / 麻包,Sports Toto 多多
2000-08-19,Sat,7683,星池,Special,1487/2000,Night Vision Goggles / 夜光镜,Magnum 4D 萬能
2000-08-19,Sat,7683,星池,Special,1487/2000,SEAFOOD FRAUD,Damacai 大馬彩
2000-08-19,Sat,7683,星池,Special,1487/2000,Gunny sack / 麻包,Sports Toto 多多
2000-05-31,Wed,7683,萬能,Consolation,066/00,Night Vision Goggles / 夜光镜,Magnum 4D 萬能
2000-05-31,Wed,7683,萬能,Consolation,066/00,SEAFOOD FRAUD,Damacai 大馬彩
2000-05-31,Wed,7683,萬能,Consolation,066/00,Gunny sack / 麻包,Sports Toto 多多
2000-01-29,Sat,7683,多多,Consolation,1628/00,Night Vision Goggles / 夜光镜,Magnum 4D 萬能
2000-01-29,Sat,7683,多多,Consolation,1628/00,SEAFOOD FRAUD,Damacai 大馬彩
2000-01-29,Sat,7683,多多,Consolation,1628/00,Gunny sack / 麻包,Sports Toto 多多
1999-12-18,Sat,7683,山打根馬會,Consolation,159/1999,Night Vision Goggles / 夜光镜,Magnum 4D 萬能
1999-12-18,Sat,7683,山打根馬會,Consolation,159/1999,SEAFOOD FRAUD,Damacai 大馬彩
1999-12-18,Sat,7683,山打根馬會,Consolation,159/1999,Gunny sack / 麻包,Sports Toto 多多
1999-04-10,Sat,7683,砂大萬,Special,0653/99,Night Vision Goggles / 夜光镜,Magnum 4D 萬能
1999-04-10,Sat,7683,砂大萬,Special,0653/99,SEAFOOD FRAUD,Damacai 大馬彩
1999-04-10,Sat,7683,砂大萬,Special,0653/99,Gunny sack / 麻包,Sports Toto 多多
1997-09-21,Sun,7683,星池,Special,D19970921,Night Vision Goggles / 夜光镜,Magnum 4D 萬能
1997-09-21,Sun,7683,星池,Special,D19970921,SEAFOOD FRAUD,Damacai 大馬彩
1997-09-21,Sun,7683,星池,Special,D19970921,Gunny sack / 麻包,Sports Toto 多多
1997-09-07,Sun,7683,大馬彩,Consolation,1191/97,Night Vision Goggles / 夜光镜,Magnum 4D 萬能
1997-09-07,Sun,7683,大馬彩,Consolation,1191/97,SEAFOOD FRAUD,Damacai 大馬彩
1997-09-07,Sun,7683,大馬彩,Consolation,1191/97,Gunny sack / 麻包,Sports Toto 多多
1997-01-12,Sun,7683,多多,Consolation,1142/97,Night Vision Goggles / 夜光镜,Magnum 4D 萬能
1997-01-12,Sun,7683,多多,Consolation,1142/97,SEAFOOD FRAUD,Damacai 大馬彩
1997-01-12,Sun,7683,多多,Consolation,1142/97,Gunny sack / 麻包,Sports Toto 多多
1996-11-09,Sat,7683,砂大萬,3RD,0272/96,Night Vision Goggles / 夜光镜,Magnum 4D 萬能
1996-11-09,Sat,7683,砂大萬,3RD,0272/96,SEAFOOD FRAUD,Damacai 大馬彩
1996-11-09,Sat,7683,砂大萬,3RD,0272/96,Gunny sack / 麻包,Sports Toto 多多
1995-12-17,Sun,7683,山打根馬會,Consolation,134/1995,Night Vision Goggles / 夜光镜,Magnum 4D 萬能
1995-12-17,Sun,7683,山打根馬會,Consolation,134/1995,SEAFOOD FRAUD,Damacai 大馬彩
1995-12-17,Sun,7683,山打根馬會,Consolation,134/1995,Gunny sack / 麻包,Sports Toto 多多
1995-09-03,Sun,7683,星池,Consolation,D19950903,Night Vision Goggles / 夜光镜,Magnum 4D 萬能
1995-09-03,Sun,7683,星池,Consolation,D19950903,SEAFOOD FRAUD,Damacai 大馬彩
1995-09-03,Sun,7683,星池,Consolation,D19950903,Gunny sack / 麻包,Sports Toto 多多
1995-06-25,Sun,7683,大馬彩,Special,0846/95,Night Vision Goggles / 夜光镜,Magnum 4D 萬能
1995-06-25,Sun,7683,大馬彩,Special,0846/95,SEAFOOD FRAUD,Damacai 大馬彩
1995-06-25,Sun,7683,大馬彩,Special,0846/95,Gunny sack / 麻包,Sports Toto 多多
1995-06-21,Wed,7683,萬能,Consolation,074/95,Night Vision Goggles / 夜光镜,Magnum 4D 萬能
1995-06-21,Wed,7683,萬能,Consolation,074/95,SEAFOOD FRAUD,Damacai 大馬彩
1995-06-21,Wed,7683,萬能,Consolation,074/95,Gunny sack / 麻包,Sports Toto 多多
1995-03-19,Sun,7683,多多,Consolation,857/95,Night Vision Goggles / 夜光镜,Magnum 4D 萬能
1995-03-19,Sun,7683,多多,Consolation,857/95,SEAFOOD FRAUD,Damacai 大馬彩
1995-03-19,Sun,7683,多多,Consolation,857/95,Gunny sack / 麻包,Sports Toto 多多
1994-06-12,Sun,7683,大馬彩,3RD,0684/94,Night Vision Goggles / 夜光镜,Magnum 4D 萬能
1994-06-12,Sun,7683,大馬彩,3RD,0684/94,SEAFOOD FRAUD,Damacai 大馬彩
1994-06-12,Sun,7683,大馬彩,3RD,0684/94,Gunny sack / 麻包,Sports Toto 多多
1994-05-26,Thu,7683,多多,Consolation,729/94,Night Vision Goggles / 夜光镜,Magnum 4D 萬能
1994-05-26,Thu,7683,多多,Consolation,729/94,SEAFOOD FRAUD,Damacai 大馬彩
1994-05-26,Thu,7683,多多,Consolation,729/94,Gunny sack / 麻包,Sports Toto 多多
1994-04-03,Sun,7683,星池,Consolation,D19940403,Night Vision Goggles / 夜光镜,Magnum 4D 萬能
1994-04-03,Sun,7683,星池,Consolation,D19940403,SEAFOOD FRAUD,Damacai 大馬彩
1994-04-03,Sun,7683,星池,Consolation,D19940403,Gunny sack / 麻包,Sports Toto 多多
1993-10-02,Sat,7683,星池,Special,D19931002,Night Vision Goggles / 夜光镜,Magnum 4D 萬能
1993-10-02,Sat,7683,星池,Special,D19931002,SEAFOOD FRAUD,Damacai 大馬彩
1993-10-02,Sat,7683,星池,Special,D19931002,Gunny sack / 麻包,Sports Toto 多多
1993-05-03,Mon,7683,萬能,Special,053/93,Night Vision Goggles / 夜光镜,Magnum 4D 萬能
1993-05-03,Mon,7683,萬能,Special,053/93,SEAFOOD FRAUD,Damacai 大馬彩
1993-05-03,Mon,7683,萬能,Special,053/93,Gunny sack / 麻包,Sports Toto 多多
1992-07-04,Sat,7683,星池,Consolation,D19920704,Night Vision Goggles / 夜光镜,Magnum 4D 萬能
1992-07-04,Sat,7683,星池,Consolation,D19920704,SEAFOOD FRAUD,Damacai 大馬彩
1992-07-04,Sat,7683,星池,Consolation,D19920704,Gunny sack / 麻包,Sports Toto 多多
1992-03-16,Mon,7683,萬能,Consolation,033/92,Night Vision Goggles / 夜光镜,Magnum 4D 萬能
1992-03-16,Mon,7683,萬能,Consolation,033/92,SEAFOOD FRAUD,Damacai 大馬彩
1992-03-16,Mon,7683,萬能,Consolation,033/92,Gunny sack / 麻包,Sports Toto 多多
1991-06-09,Sun,7683,大馬彩,Special,0213/91,Night Vision Goggles / 夜光镜,Magnum 4D 萬能
1991-06-09,Sun,7683,大馬彩,Special,0213/91,SEAFOOD FRAUD,Damacai 大馬彩
1991-06-09,Sun,7683,大馬彩,Special,0213/91,Gunny sack / 麻包,Sports Toto 多多
1991-03-30,Sat,7683,星池,Consolation,D19910330,Night Vision Goggles / 夜光镜,Magnum 4D 萬能
1991-03-30,Sat,7683,星池,Consolation,D19910330,SEAFOOD FRAUD,Damacai 大馬彩
1991-03-30,Sat,7683,星池,Consolation,D19910330,Gunny sack / 麻包,Sports Toto 多多
1990-02-03,Sat,7683,星池,Special,D19900203,Night Vision Goggles / 夜光镜,Magnum 4D 萬能
1990-02-03,Sat,7683,星池,Special,D19900203,SEAFOOD FRAUD,Damacai 大馬彩
1990-02-03,Sat,7683,星池,Special,D19900203,Gunny sack / 麻包,Sports Toto 多多
1990-01-14,Sun,7683,星池,Consolation,D19900114,Night Vision Goggles / 夜光镜,Magnum 4D 萬能
1990-01-14,Sun,7683,星池,Consolation,D19900114,SEAFOOD FRAUD,Damacai 大馬彩
1990-01-14,Sun,7683,星池,Consolation,D19900114,Gunny sack / 麻包,Sports Toto 多多
1989-10-16,Mon,7683,萬能,Special,124/89,Night Vision Goggles / 夜光镜,Magnum 4D 萬能
1989-10-16,Mon,7683,萬能,Special,124/89,SEAFOOD FRAUD,Damacai 大馬彩
1989-10-16,Mon,7683,萬能,Special,124/89,Gunny sack / 麻包,Sports Toto 多多
