开彩日期,开彩日,彩号,秦庄,彩金,抽奖,图译,秦典
2024-08-04,Sun,8454,砂大萬,Special,4997/24,Sphinx / 狮身人面像,Magnum 4D 萬能
2024-08-04,Sun,8454,砂大萬,Special,4997/24,WASTE OF TIME,Damacai 大馬彩
2024-08-04,Sun,8454,砂大萬,Special,4997/24,Spray insecticide / 射杀哮水,Sports Toto 多多
2024-07-24,Wed,8454,星池,Special,5200,Sphinx / 狮身人面像,Magnum 4D 萬能
2024-07-24,Wed,8454,星池,Special,5200,WASTE OF TIME,Damacai 大馬彩
2024-07-24,Wed,8454,星池,Special,5200,Spray insecticide / 射杀哮水,Sports Toto 多多
2024-07-13,Sat,8454,沙巴彩,Special,3894/24,Sphinx / 狮身人面像,Magnum 4D 萬能
2024-07-13,Sat,8454,沙巴彩,Special,3894/24,WASTE OF TIME,Damacai 大馬彩
2024-07-13,Sat,8454,沙巴彩,Special,3894/24,Spray insecticide / 射杀哮水,Sports Toto 多多
2023-06-04,Sun,8454,萬能,Special,882/23,Sphinx / 狮身人面像,Magnum 4D 萬能
2023-06-04,Sun,8454,萬能,Special,882/23,WASTE OF TIME,Damacai 大馬彩
2023-06-04,Sun,8454,萬能,Special,882/23,Spray insecticide / 射杀哮水,Sports Toto 多多
2023-01-11,Wed,8454,砂大萬,1ST,4739/23,Sphinx / 狮身人面像,Magnum 4D 萬能
2023-01-11,Wed,8454,砂大萬,1ST,4739/23,WASTE OF TIME,Damacai 大馬彩
2023-01-11,Wed,8454,砂大萬,1ST,4739/23,Spray insecticide / 射杀哮水,Sports Toto 多多
2023-01-11,Wed,8454,山打根馬會,Special,005/23,Sphinx / 狮身人面像,Magnum 4D 萬能
2023-01-11,Wed,8454,山打根馬會,Special,005/23,WASTE OF TIME,Damacai 大馬彩
2023-01-11,Wed,8454,山打根馬會,Special,005/23,Spray insecticide / 射杀哮水,Sports Toto 多多
2022-11-29,Tue,8454,萬能,Consolation,794/22,Sphinx / 狮身人面像,Magnum 4D 萬能
2022-11-29,Tue,8454,萬能,Consolation,794/22,WASTE OF TIME,Damacai 大馬彩
2022-11-29,Tue,8454,萬能,Consolation,794/22,Spray insecticide / 射杀哮水,Sports Toto 多多
2022-07-09,Sat,8454,星池,Consolation,4880,Sphinx / 狮身人面像,Magnum 4D 萬能
2022-07-09,Sat,8454,星池,Consolation,4880,WASTE OF TIME,Damacai 大馬彩
2022-07-09,Sat,8454,星池,Consolation,4880,Spray insecticide / 射杀哮水,Sports Toto 多多
2022-05-31,Tue,8454,沙巴彩,Special,3532/22,Sphinx / 狮身人面像,Magnum 4D 萬能
2022-05-31,Tue,8454,沙巴彩,Special,3532/22,WASTE OF TIME,Damacai 大馬彩
2022-05-31,Tue,8454,沙巴彩,Special,3532/22,Spray insecticide / 射杀哮水,Sports Toto 多多
2021-11-20,Sat,8454,砂大萬,Special,4535/21,Sphinx / 狮身人面像,Magnum 4D 萬能
2021-11-20,Sat,8454,砂大萬,Special,4535/21,WASTE OF TIME,Damacai 大馬彩
2021-11-20,Sat,8454,砂大萬,Special,4535/21,Spray insecticide / 射杀哮水,Sports Toto 多多
2021-04-04,Sun,8454,沙巴彩,Special,3331/21,Sphinx / 狮身人面像,Magnum 4D 萬能
2021-04-04,Sun,8454,沙巴彩,Special,3331/21,WASTE OF TIME,Damacai 大馬彩
2021-04-04,Sun,8454,沙巴彩,Special,3331/21,Spray insecticide / 射杀哮水,Sports Toto 多多
2020-08-05,Wed,8454,山打根馬會,Special,059/20,Sphinx / 狮身人面像,Magnum 4D 萬能
2020-08-05,Wed,8454,山打根馬會,Special,059/20,WASTE OF TIME,Damacai 大馬彩
2020-08-05,Wed,8454,山打根馬會,Special,059/20,Spray insecticide / 射杀哮水,Sports Toto 多多
2020-02-04,Tue,8454,沙巴彩,Consolation,3136/20,Sphinx / 狮身人面像,Magnum 4D 萬能
2020-02-04,Tue,8454,沙巴彩,Consolation,3136/20,WASTE OF TIME,Damacai 大馬彩
2020-02-04,Tue,8454,沙巴彩,Consolation,3136/20,Spray insecticide / 射杀哮水,Sports Toto 多多
2018-12-22,Sat,8454,山打根馬會,Consolation,173/18,Sphinx / 狮身人面像,Magnum 4D 萬能
2018-12-22,Sat,8454,山打根馬會,Consolation,173/18,WASTE OF TIME,Damacai 大馬彩
2018-12-22,Sat,8454,山打根馬會,Consolation,173/18,Spray insecticide / 射杀哮水,Sports Toto 多多
2018-11-03,Sat,8454,多多,Special,4856/18,Sphinx / 狮身人面像,Magnum 4D 萬能
2018-11-03,Sat,8454,多多,Special,4856/18,WASTE OF TIME,Damacai 大馬彩
2018-11-03,Sat,8454,多多,Special,4856/18,Spray insecticide / 射杀哮水,Sports Toto 多多
2018-09-19,Wed,8454,山打根馬會,Consolation,127/18,Sphinx / 狮身人面像,Magnum 4D 萬能
2018-09-19,Wed,8454,山打根馬會,Consolation,127/18,WASTE OF TIME,Damacai 大馬彩
2018-09-19,Wed,8454,山打根馬會,Consolation,127/18,Spray insecticide / 射杀哮水,Sports Toto 多多
2018-08-19,Sun,8454,星池,Special,4305,Sphinx / 狮身人面像,Magnum 4D 萬能
2018-08-19,Sun,8454,星池,Special,4305,WASTE OF TIME,Damacai 大馬彩
2018-08-19,Sun,8454,星池,Special,4305,Spray insecticide / 射杀哮水,Sports Toto 多多
2018-05-12,Sat,8454,沙巴彩,Special,2838/18,Sphinx / 狮身人面像,Magnum 4D 萬能
2018-05-12,Sat,8454,沙巴彩,Special,2838/18,WASTE OF TIME,Damacai 大馬彩
2018-05-12,Sat,8454,沙巴彩,Special,2838/18,Spray insecticide / 射杀哮水,Sports Toto 多多
2018-01-16,Tue,8454,大馬彩,3RD,4661/18,Sphinx / 狮身人面像,Magnum 4D 萬能
2018-01-16,Tue,8454,大馬彩,3RD,4661/18,WASTE OF TIME,Damacai 大馬彩
2018-01-16,Tue,8454,大馬彩,3RD,4661/18,Spray insecticide / 射杀哮水,Sports Toto 多多
2017-10-03,Tue,8454,萬能,Consolation,894/17,Sphinx / 狮身人面像,Magnum 4D 萬能
2017-10-03,Tue,8454,萬能,Consolation,894/17,WASTE OF TIME,Damacai 大馬彩
2017-10-03,Tue,8454,萬能,Consolation,894/17,Spray insecticide / 射杀哮水,Sports Toto 多多
2017-09-05,Tue,8454,砂大萬,Special,3808/17,Sphinx / 狮身人面像,Magnum 4D 萬能
2017-09-05,Tue,8454,砂大萬,Special,3808/17,WASTE OF TIME,Damacai 大馬彩
2017-09-05,Tue,8454,砂大萬,Special,3808/17,Spray insecticide / 射杀哮水,Sports Toto 多多
2017-07-19,Wed,8454,砂大萬,Consolation,3784/17,Sphinx / 狮身人面像,Magnum 4D 萬能
2017-07-19,Wed,8454,砂大萬,Consolation,3784/17,WASTE OF TIME,Damacai 大馬彩
2017-07-19,Wed,8454,砂大萬,Consolation,3784/17,Spray insecticide / 射杀哮水,Sports Toto 多多
2017-07-08,Sat,8454,多多,Consolation,4620/17,Sphinx / 狮身人面像,Magnum 4D 萬能
2017-07-08,Sat,8454,多多,Consolation,4620/17,WASTE OF TIME,Damacai 大馬彩
2017-07-08,Sat,8454,多多,Consolation,4620/17,Spray insecticide / 射杀哮水,Sports Toto 多多
2016-11-27,Sun,8454,沙巴彩,Special,2578/16,Sphinx / 狮身人面像,Magnum 4D 萬能
2016-11-27,Sun,8454,沙巴彩,Special,2578/16,WASTE OF TIME,Damacai 大馬彩
2016-11-27,Sun,8454,沙巴彩,Special,2578/16,Spray insecticide / 射杀哮水,Sports Toto 多多
2016-07-12,Tue,8454,大馬彩,Consolation,4391/16,Sphinx / 狮身人面像,Magnum 4D 萬能
2016-07-12,Tue,8454,大馬彩,Consolation,4391/16,WASTE OF TIME,Damacai 大馬彩
2016-07-12,Tue,8454,大馬彩,Consolation,4391/16,Spray insecticide / 射杀哮水,Sports Toto 多多
2015-11-04,Wed,8454,大馬彩,Consolation,4269/15,Sphinx / 狮身人面像,Magnum 4D 萬能
2015-11-04,Wed,8454,大馬彩,Consolation,4269/15,WASTE OF TIME,Damacai 大馬彩
2015-11-04,Wed,8454,大馬彩,Consolation,4269/15,Spray insecticide / 射杀哮水,Sports Toto 多多
2015-10-21,Wed,8454,萬能,Special,537/15,Sphinx / 狮身人面像,Magnum 4D 萬能
2015-10-21,Wed,8454,萬能,Special,537/15,WASTE OF TIME,Damacai 大馬彩
2015-10-21,Wed,8454,萬能,Special,537/15,Spray insecticide / 射杀哮水,Sports Toto 多多
2015-10-10,Sat,8454,大馬彩,Consolation,4256/15,Sphinx / 狮身人面像,Magnum 4D 萬能
2015-10-10,Sat,8454,大馬彩,Consolation,4256/15,WASTE OF TIME,Damacai 大馬彩
2015-10-10,Sat,8454,大馬彩,Consolation,4256/15,Spray insecticide / 射杀哮水,Sports Toto 多多
2015-09-19,Sat,8454,星池,3RD,3848,Sphinx / 狮身人面像,Magnum 4D 萬能
2015-09-19,Sat,8454,星池,3RD,3848,WASTE OF TIME,Damacai 大馬彩
2015-09-19,Sat,8454,星池,3RD,3848,Spray insecticide / 射杀哮水,Sports Toto 多多
2014-10-22,Wed,8454,山打根馬會,Special,144/14,Sphinx / 狮身人面像,Magnum 4D 萬能
2014-10-22,Wed,8454,山打根馬會,Special,144/14,WASTE OF TIME,Damacai 大馬彩
2014-10-22,Wed,8454,山打根馬會,Special,144/14,Spray insecticide / 射杀哮水,Sports Toto 多多
2014-10-18,Sat,8454,山打根馬會,3RD,142/14,Sphinx / 狮身人面像,Magnum 4D 萬能
2014-10-18,Sat,8454,山打根馬會,3RD,142/14,WASTE OF TIME,Damacai 大馬彩
2014-10-18,Sat,8454,山打根馬會,3RD,142/14,Spray insecticide / 射杀哮水,Sports Toto 多多
2014-06-25,Wed,8454,大馬彩,Consolation,4027/14,Sphinx / 狮身人面像,Magnum 4D 萬能
2014-06-25,Wed,8454,大馬彩,Consolation,4027/14,WASTE OF TIME,Damacai 大馬彩
2014-06-25,Wed,8454,大馬彩,Consolation,4027/14,Spray insecticide / 射杀哮水,Sports Toto 多多
2013-08-14,Wed,8454,多多,Consolation,3925/13,Sphinx / 狮身人面像,Magnum 4D 萬能
2013-08-14,Wed,8454,多多,Consolation,3925/13,WASTE OF TIME,Damacai 大馬彩
2013-08-14,Wed,8454,多多,Consolation,3925/13,Spray insecticide / 射杀哮水,Sports Toto 多多
2013-01-02,Wed,8454,星池,Special,3424/2013,Sphinx / 狮身人面像,Magnum 4D 萬能
2013-01-02,Wed,8454,星池,Special,3424/2013,WASTE OF TIME,Damacai 大馬彩
2013-01-02,Wed,8454,星池,Special,3424/2013,Spray insecticide / 射杀哮水,Sports Toto 多多
2012-10-03,Wed,8454,多多,Consolation,3771/12,Sphinx / 狮身人面像,Magnum 4D 萬能
2012-10-03,Wed,8454,多多,Consolation,3771/12,WASTE OF TIME,Damacai 大馬彩
2012-10-03,Wed,8454,多多,Consolation,3771/12,Spray insecticide / 射杀哮水,Sports Toto 多多
2012-09-02,Sun,8454,星池,Consolation,3372/2012,Sphinx / 狮身人面像,Magnum 4D 萬能
2012-09-02,Sun,8454,星池,Consolation,3372/2012,WASTE OF TIME,Damacai 大馬彩
2012-09-02,Sun,8454,星池,Consolation,3372/2012,Spray insecticide / 射杀哮水,Sports Toto 多多
2012-06-23,Sat,8454,大馬彩,Consolation,3667/12,Sphinx / 狮身人面像,Magnum 4D 萬能
2012-06-23,Sat,8454,大馬彩,Consolation,3667/12,WASTE OF TIME,Damacai 大馬彩
2012-06-23,Sat,8454,大馬彩,Consolation,3667/12,Spray insecticide / 射杀哮水,Sports Toto 多多
2011-12-31,Sat,8454,萬能,Special,857/11,Sphinx / 狮身人面像,Magnum 4D 萬能
2011-12-31,Sat,8454,萬能,Special,857/11,WASTE OF TIME,Damacai 大馬彩
2011-12-31,Sat,8454,萬能,Special,857/11,Spray insecticide / 射杀哮水,Sports Toto 多多
2011-12-07,Wed,8454,多多,Consolation,3624/11,Sphinx / 狮身人面像,Magnum 4D 萬能
2011-12-07,Wed,8454,多多,Consolation,3624/11,WASTE OF TIME,Damacai 大馬彩
2011-12-07,Wed,8454,多多,Consolation,3624/11,Spray insecticide / 射杀哮水,Sports Toto 多多
2011-06-18,Sat,8454,沙巴彩,Special,1607/11,Sphinx / 狮身人面像,Magnum 4D 萬能
2011-06-18,Sat,8454,沙巴彩,Special,1607/11,WASTE OF TIME,Damacai 大馬彩
2011-06-18,Sat,8454,沙巴彩,Special,1607/11,Spray insecticide / 射杀哮水,Sports Toto 多多
2011-01-25,Tue,8454,多多,Consolation,3470/11,Sphinx / 狮身人面像,Magnum 4D 萬能
2011-01-25,Tue,8454,多多,Consolation,3470/11,WASTE OF TIME,Damacai 大馬彩
2011-01-25,Tue,8454,多多,Consolation,3470/11,Spray insecticide / 射杀哮水,Sports Toto 多多
2010-09-25,Sat,8454,山打根馬會,Special,129/10,Sphinx / 狮身人面像,Magnum 4D 萬能
2010-09-25,Sat,8454,山打根馬會,Special,129/10,WASTE OF TIME,Damacai 大馬彩
2010-09-25,Sat,8454,山打根馬會,Special,129/10,Spray insecticide / 射杀哮水,Sports Toto 多多
2010-09-04,Sat,8454,多多,Consolation,3402/10,Sphinx / 狮身人面像,Magnum 4D 萬能
2010-09-04,Sat,8454,多多,Consolation,3402/10,WASTE OF TIME,Damacai 大馬彩
2010-09-04,Sat,8454,多多,Consolation,3402/10,Spray insecticide / 射杀哮水,Sports Toto 多多
2010-01-09,Sat,8454,山打根馬會,Consolation,04/10,Sphinx / 狮身人面像,Magnum 4D 萬能
2010-01-09,Sat,8454,山打根馬會,Consolation,04/10,WASTE OF TIME,Damacai 大馬彩
2010-01-09,Sat,8454,山打根馬會,Consolation,04/10,Spray insecticide / 射杀哮水,Sports Toto 多多
2010-01-02,Sat,8454,大馬彩,Special,3230/10,Sphinx / 狮身人面像,Magnum 4D 萬能
2010-01-02,Sat,8454,大馬彩,Special,3230/10,WASTE OF TIME,Damacai 大馬彩
2010-01-02,Sat,8454,大馬彩,Special,3230/10,Spray insecticide / 射杀哮水,Sports Toto 多多
2009-11-28,Sat,8454,萬能,Consolation,488/09,Sphinx / 狮身人面像,Magnum 4D 萬能
2009-11-28,Sat,8454,萬能,Consolation,488/09,WASTE OF TIME,Damacai 大馬彩
2009-11-28,Sat,8454,萬能,Consolation,488/09,Spray insecticide / 射杀哮水,Sports Toto 多多
2009-08-12,Wed,8454,山打根馬會,Consolation,107/09,Sphinx / 狮身人面像,Magnum 4D 萬能
2009-08-12,Wed,8454,山打根馬會,Consolation,107/09,WASTE OF TIME,Damacai 大馬彩
2009-08-12,Wed,8454,山打根馬會,Consolation,107/09,Spray insecticide / 射杀哮水,Sports Toto 多多
2009-05-03,Sun,8454,星池,Special,2850/2009,Sphinx / 狮身人面像,Magnum 4D 萬能
2009-05-03,Sun,8454,星池,Special,2850/2009,WASTE OF TIME,Damacai 大馬彩
2009-05-03,Sun,8454,星池,Special,2850/2009,Spray insecticide / 射杀哮水,Sports Toto 多多
2008-12-07,Sun,8454,大馬彩,Consolation,3042/08,Sphinx / 狮身人面像,Magnum 4D 萬能
2008-12-07,Sun,8454,大馬彩,Consolation,3042/08,WASTE OF TIME,Damacai 大馬彩
2008-12-07,Sun,8454,大馬彩,Consolation,3042/08,Spray insecticide / 射杀哮水,Sports Toto 多多
2008-07-16,Wed,8454,大馬彩,Consolation,2979/08,Sphinx / 狮身人面像,Magnum 4D 萬能
2008-07-16,Wed,8454,大馬彩,Consolation,2979/08,WASTE OF TIME,Damacai 大馬彩
2008-07-16,Wed,8454,大馬彩,Consolation,2979/08,Spray insecticide / 射杀哮水,Sports Toto 多多
2008-07-06,Sun,8454,山打根馬會,Consolation,84/08,Sphinx / 狮身人面像,Magnum 4D 萬能
2008-07-06,Sun,8454,山打根馬會,Consolation,84/08,WASTE OF TIME,Damacai 大馬彩
2008-07-06,Sun,8454,山打根馬會,Consolation,84/08,Spray insecticide / 射杀哮水,Sports Toto 多多
2008-06-04,Wed,8454,大馬彩,Special,2961/08,Sphinx / 狮身人面像,Magnum 4D 萬能
2008-06-04,Wed,8454,大馬彩,Special,2961/08,WASTE OF TIME,Damacai 大馬彩
2008-06-04,Wed,8454,大馬彩,Special,2961/08,Spray insecticide / 射杀哮水,Sports Toto 多多
2008-01-19,Sat,8454,砂大萬,Special,2114/08,Sphinx / 狮身人面像,Magnum 4D 萬能
2008-01-19,Sat,8454,砂大萬,Special,2114/08,WASTE OF TIME,Damacai 大馬彩
2008-01-19,Sat,8454,砂大萬,Special,2114/08,Spray insecticide / 射杀哮水,Sports Toto 多多
2008-01-12,Sat,8454,星池,Special,2645/2008,Sphinx / 狮身人面像,Magnum 4D 萬能
2008-01-12,Sat,8454,星池,Special,2645/2008,WASTE OF TIME,Damacai 大馬彩
2008-01-12,Sat,8454,星池,Special,2645/2008,Spray insecticide / 射杀哮水,Sports Toto 多多
2007-09-16,Sun,8454,萬能,Special,120/07,Sphinx / 狮身人面像,Magnum 4D 萬能
2007-09-16,Sun,8454,萬能,Special,120/07,WASTE OF TIME,Damacai 大馬彩
2007-09-16,Sun,8454,萬能,Special,120/07,Spray insecticide / 射杀哮水,Sports Toto 多多
2007-01-10,Wed,8454,山打根馬會,1ST,04/07,Sphinx / 狮身人面像,Magnum 4D 萬能
2007-01-10,Wed,8454,山打根馬會,1ST,04/07,WASTE OF TIME,Damacai 大馬彩
2007-01-10,Wed,8454,山打根馬會,1ST,04/07,Spray insecticide / 射杀哮水,Sports Toto 多多
2006-12-31,Sun,8454,砂大萬,Special,1938/06,Sphinx / 狮身人面像,Magnum 4D 萬能
2006-12-31,Sun,8454,砂大萬,Special,1938/06,WASTE OF TIME,Damacai 大馬彩
2006-12-31,Sun,8454,砂大萬,Special,1938/06,Spray insecticide / 射杀哮水,Sports Toto 多多
2006-08-27,Sun,8454,大馬彩,Special,2668/06,Sphinx / 狮身人面像,Magnum 4D 萬能
2006-08-27,Sun,8454,大馬彩,Special,2668/06,WASTE OF TIME,Damacai 大馬彩
2006-08-27,Sun,8454,大馬彩,Special,2668/06,Spray insecticide / 射杀哮水,Sports Toto 多多
2006-06-04,Sun,8454,山打根馬會,Special,074/06,Sphinx / 狮身人面像,Magnum 4D 萬能
2006-06-04,Sun,8454,山打根馬會,Special,074/06,WASTE OF TIME,Damacai 大馬彩
2006-06-04,Sun,8454,山打根馬會,Special,074/06,Spray insecticide / 射杀哮水,Sports Toto 多多
2006-03-08,Wed,8454,大馬彩,Special,2587/06,Sphinx / 狮身人面像,Magnum 4D 萬能
2006-03-08,Wed,8454,大馬彩,Special,2587/06,WASTE OF TIME,Damacai 大馬彩
2006-03-08,Wed,8454,大馬彩,Special,2587/06,Spray insecticide / 射杀哮水,Sports Toto 多多
2005-07-06,Wed,8454,山打根馬會,Consolation,91/05,Sphinx / 狮身人面像,Magnum 4D 萬能
2005-07-06,Wed,8454,山打根馬會,Consolation,91/05,WASTE OF TIME,Damacai 大馬彩
2005-07-06,Wed,8454,山打根馬會,Consolation,91/05,Spray insecticide / 射杀哮水,Sports Toto 多多
2005-05-17,Tue,8454,沙巴彩,Special,567/05,Sphinx / 狮身人面像,Magnum 4D 萬能
2005-05-17,Tue,8454,沙巴彩,Special,567/05,WASTE OF TIME,Damacai 大馬彩
2005-05-17,Tue,8454,沙巴彩,Special,567/05,Spray insecticide / 射杀哮水,Sports Toto 多多
2005-04-03,Sun,8454,多多,Special,2482/05,Sphinx / 狮身人面像,Magnum 4D 萬能
2005-04-03,Sun,8454,多多,Special,2482/05,WASTE OF TIME,Damacai 大馬彩
2005-04-03,Sun,8454,多多,Special,2482/05,Spray insecticide / 射杀哮水,Sports Toto 多多
2004-11-28,Sun,8454,多多,3RD,2420/04,Sphinx / 狮身人面像,Magnum 4D 萬能
2004-11-28,Sun,8454,多多,3RD,2420/04,WASTE OF TIME,Damacai 大馬彩
2004-11-28,Sun,8454,多多,3RD,2420/04,Spray insecticide / 射杀哮水,Sports Toto 多多
2004-05-09,Sun,8454,沙巴彩,Special,397/04,Sphinx / 狮身人面像,Magnum 4D 萬能
2004-05-09,Sun,8454,沙巴彩,Special,397/04,WASTE OF TIME,Damacai 大馬彩
2004-05-09,Sun,8454,沙巴彩,Special,397/04,Spray insecticide / 射杀哮水,Sports Toto 多多
2003-08-27,Wed,8454,沙巴彩,Consolation,282/03,Sphinx / 狮身人面像,Magnum 4D 萬能
2003-08-27,Wed,8454,沙巴彩,Consolation,282/03,WASTE OF TIME,Damacai 大馬彩
2003-08-27,Wed,8454,沙巴彩,Consolation,282/03,Spray insecticide / 射杀哮水,Sports Toto 多多
2003-04-02,Wed,8454,山打根馬會,Special,44/03,Sphinx / 狮身人面像,Magnum 4D 萬能
2003-04-02,Wed,8454,山打根馬會,Special,44/03,WASTE OF TIME,Damacai 大馬彩
2003-04-02,Wed,8454,山打根馬會,Special,44/03,Spray insecticide / 射杀哮水,Sports Toto 多多
2002-04-17,Wed,8454,砂大萬,Special,1150/02,Sphinx / 狮身人面像,Magnum 4D 萬能
2002-04-17,Wed,8454,砂大萬,Special,1150/02,WASTE OF TIME,Damacai 大馬彩
2002-04-17,Wed,8454,砂大萬,Special,1150/02,Spray insecticide / 射杀哮水,Sports Toto 多多
2002-01-05,Sat,8454,山打根馬會,3RD,2/02,Sphinx / 狮身人面像,Magnum 4D 萬能
2002-01-05,Sat,8454,山打根馬會,3RD,2/02,WASTE OF TIME,Damacai 大馬彩
2002-01-05,Sat,8454,山打根馬會,3RD,2/02,Spray insecticide / 射杀哮水,Sports Toto 多多
2001-03-07,Wed,8454,萬能,Consolation,028/01,Sphinx / 狮身人面像,Magnum 4D 萬能
2001-03-07,Wed,8454,萬能,Consolation,028/01,WASTE OF TIME,Damacai 大馬彩
2001-03-07,Wed,8454,萬能,Consolation,028/01,Spray insecticide / 射杀哮水,Sports Toto 多多
2001-01-20,Sat,8454,萬能,Special,008/01,Sphinx / 狮身人面像,Magnum 4D 萬能
2001-01-20,Sat,8454,萬能,Special,008/01,WASTE OF TIME,Damacai 大馬彩
2001-01-20,Sat,8454,萬能,Special,008/01,Spray insecticide / 射杀哮水,Sports Toto 多多
2001-01-03,Wed,8454,萬能,2ND,001/01,Sphinx / 狮身人面像,Magnum 4D 萬能
2001-01-03,Wed,8454,萬能,2ND,001/01,WASTE OF TIME,Damacai 大馬彩
2001-01-03,Wed,8454,萬能,2ND,001/01,Spray insecticide / 射杀哮水,Sports Toto 多多
2000-08-20,Sun,8454,山打根馬會,Consolation,102/2000,Sphinx / 狮身人面像,Magnum 4D 萬能
2000-08-20,Sun,8454,山打根馬會,Consolation,102/2000,WASTE OF TIME,Damacai 大馬彩
2000-08-20,Sun,8454,山打根馬會,Consolation,102/2000,Spray insecticide / 射杀哮水,Sports Toto 多多
2000-07-09,Sun,8454,山打根馬會,1ST,84/2000,Sphinx / 狮身人面像,Magnum 4D 萬能
2000-07-09,Sun,8454,山打根馬會,1ST,84/2000,WASTE OF TIME,Damacai 大馬彩
2000-07-09,Sun,8454,山打根馬會,1ST,84/2000,Spray insecticide / 射杀哮水,Sports Toto 多多
1999-11-14,Sun,8454,多多,Special,1596/99,Sphinx / 狮身人面像,Magnum 4D 萬能
1999-11-14,Sun,8454,多多,Special,1596/99,WASTE OF TIME,Damacai 大馬彩
1999-11-14,Sun,8454,多多,Special,1596/99,Spray insecticide / 射杀哮水,Sports Toto 多多
1999-07-04,Sun,8454,多多,Consolation,1535/99,Sphinx / 狮身人面像,Magnum 4D 萬能
1999-07-04,Sun,8454,多多,Consolation,1535/99,WASTE OF TIME,Damacai 大馬彩
1999-07-04,Sun,8454,多多,Consolation,1535/99,Spray insecticide / 射杀哮水,Sports Toto 多多
1998-07-19,Sun,8454,星池,Consolation,D19980719,Sphinx / 狮身人面像,Magnum 4D 萬能
1998-07-19,Sun,8454,星池,Consolation,D19980719,WASTE OF TIME,Damacai 大馬彩
1998-07-19,Sun,8454,星池,Consolation,D19980719,Spray insecticide / 射杀哮水,Sports Toto 多多
1998-07-12,Sun,8454,星池,Special,D19980712,Sphinx / 狮身人面像,Magnum 4D 萬能
1998-07-12,Sun,8454,星池,Special,D19980712,WASTE OF TIME,Damacai 大馬彩
1998-07-12,Sun,8454,星池,Special,D19980712,Spray insecticide / 射杀哮水,Sports Toto 多多
1997-04-27,Sun,8454,砂大萬,Special,0345/97,Sphinx / 狮身人面像,Magnum 4D 萬能
1997-04-27,Sun,8454,砂大萬,Special,0345/97,WASTE OF TIME,Damacai 大馬彩
1997-04-27,Sun,8454,砂大萬,Special,0345/97,Spray insecticide / 射杀哮水,Sports Toto 多多
1997-04-05,Sat,8454,大馬彩,3RD,1124/97,Sphinx / 狮身人面像,Magnum 4D 萬能
1997-04-05,Sat,8454,大馬彩,3RD,1124/97,WASTE OF TIME,Damacai 大馬彩
1997-04-05,Sat,8454,大馬彩,3RD,1124/97,Spray insecticide / 射杀哮水,Sports Toto 多多
1997-01-04,Sat,8454,星池,Consolation,D19970104,Sphinx / 狮身人面像,Magnum 4D 萬能
1997-01-04,Sat,8454,星池,Consolation,D19970104,WASTE OF TIME,Damacai 大馬彩
1997-01-04,Sat,8454,星池,Consolation,D19970104,Spray insecticide / 射杀哮水,Sports Toto 多多
1996-09-11,Wed,8454,砂大萬,Special,0247/96,Sphinx / 狮身人面像,Magnum 4D 萬能
1996-09-11,Wed,8454,砂大萬,Special,0247/96,WASTE OF TIME,Damacai 大馬彩
1996-09-11,Wed,8454,砂大萬,Special,0247/96,Spray insecticide / 射杀哮水,Sports Toto 多多
1996-07-07,Sun,8454,萬能,Consolation,081/96,Sphinx / 狮身人面像,Magnum 4D 萬能
1996-07-07,Sun,8454,萬能,Consolation,081/96,WASTE OF TIME,Damacai 大馬彩
1996-07-07,Sun,8454,萬能,Consolation,081/96,Spray insecticide / 射杀哮水,Sports Toto 多多
1996-06-22,Sat,8454,砂大萬,Special,0212/96,Sphinx / 狮身人面像,Magnum 4D 萬能
1996-06-22,Sat,8454,砂大萬,Special,0212/96,WASTE OF TIME,Damacai 大馬彩
1996-06-22,Sat,8454,砂大萬,Special,0212/96,Spray insecticide / 射杀哮水,Sports Toto 多多
1996-02-04,Sun,8454,大馬彩,Special,0942/96,Sphinx / 狮身人面像,Magnum 4D 萬能
1996-02-04,Sun,8454,大馬彩,Special,0942/96,WASTE OF TIME,Damacai 大馬彩
1996-02-04,Sun,8454,大馬彩,Special,0942/96,Spray insecticide / 射杀哮水,Sports Toto 多多
1995-03-26,Sun,8454,萬能,Consolation,037/95,Sphinx / 狮身人面像,Magnum 4D 萬能
1995-03-26,Sun,8454,萬能,Consolation,037/95,WASTE OF TIME,Damacai 大馬彩
1995-03-26,Sun,8454,萬能,Consolation,037/95,Spray insecticide / 射杀哮水,Sports Toto 多多
1995-03-19,Sun,8454,萬能,3RD,034/95,Sphinx / 狮身人面像,Magnum 4D 萬能
1995-03-19,Sun,8454,萬能,3RD,034/95,WASTE OF TIME,Damacai 大馬彩
1995-03-19,Sun,8454,萬能,3RD,034/95,Spray insecticide / 射杀哮水,Sports Toto 多多
1995-02-05,Sun,8454,萬能,Special,016/95,Sphinx / 狮身人面像,Magnum 4D 萬能
1995-02-05,Sun,8454,萬能,Special,016/95,WASTE OF TIME,Damacai 大馬彩
1995-02-05,Sun,8454,萬能,Special,016/95,Spray insecticide / 射杀哮水,Sports Toto 多多
1995-01-01,Sun,8454,多多,Consolation,824/95,Sphinx / 狮身人面像,Magnum 4D 萬能
1995-01-01,Sun,8454,多多,Consolation,824/95,WASTE OF TIME,Damacai 大馬彩
1995-01-01,Sun,8454,多多,Consolation,824/95,Spray insecticide / 射杀哮水,Sports Toto 多多
1993-05-08,Sat,8454,萬能,Consolation,055/93,Sphinx / 狮身人面像,Magnum 4D 萬能
1993-05-08,Sat,8454,萬能,Consolation,055/93,WASTE OF TIME,Damacai 大馬彩
1993-05-08,Sat,8454,萬能,Consolation,055/93,Spray insecticide / 射杀哮水,Sports Toto 多多
1991-11-10,Sun,8454,星池,Consolation,D19911110,Sphinx / 狮身人面像,Magnum 4D 萬能
1991-11-10,Sun,8454,星池,Consolation,D19911110,WASTE OF TIME,Damacai 大馬彩
1991-11-10,Sun,8454,星池,Consolation,D19911110,Spray insecticide / 射杀哮水,Sports Toto 多多
1991-10-06,Sun,8454,大馬彩,1ST,0264/91,Sphinx / 狮身人面像,Magnum 4D 萬能
1991-10-06,Sun,8454,大馬彩,1ST,0264/91,WASTE OF TIME,Damacai 大馬彩
1991-10-06,Sun,8454,大馬彩,1ST,0264/91,Spray insecticide / 射杀哮水,Sports Toto 多多
1989-02-18,Sat,8454,星池,Consolation,D19890218,Sphinx / 狮身人面像,Magnum 4D 萬能
1989-02-18,Sat,8454,星池,Consolation,D19890218,WASTE OF TIME,Damacai 大馬彩
1989-02-18,Sat,8454,星池,Consolation,D19890218,Spray insecticide / 射杀哮水,Sports Toto 多多
1989-01-28,Sat,8454,萬能,Consolation,012/89,Sphinx / 狮身人面像,Magnum 4D 萬能
1989-01-28,Sat,8454,萬能,Consolation,012/89,WASTE OF TIME,Damacai 大馬彩
1989-01-28,Sat,8454,萬能,Consolation,012/89,Spray insecticide / 射杀哮水,Sports Toto 多多
1988-08-29,Mon,8454,萬能,Special,104/88,Sphinx / 狮身人面像,Magnum 4D 萬能
1988-08-29,Mon,8454,萬能,Special,104/88,WASTE OF TIME,Damacai 大馬彩
1988-08-29,Mon,8454,萬能,Special,104/88,Spray insecticide / 射杀哮水,Sports Toto 多多
