开彩日期,开彩日,彩号,秦庄,彩金,抽奖,图译,秦典
2024-02-13,Tue,3931,砂大萬,特别奖,4918/24,"Eating ""Dou Fu Fah"" / 吃豆腐花",Magnum 4D 萬能
2024-02-13,Tue,3931,砂大萬,特别奖,4918/24,BEANCURD JELLY,Damacai 大馬彩
2024-02-13,Tue,3931,砂大萬,特别奖,4918/24,Jellied bean curd / 豆腐花,Sports Toto 多多
2023-10-21,Sat,3931,砂大萬,三奖,4866/23,"Eating ""Dou Fu Fah"" / 吃豆腐花",Magnum 4D 萬能
2023-10-21,Sat,3931,砂大萬,三奖,4866/23,BEANCURD JELLY,Damacai 大馬彩
2023-10-21,Sat,3931,砂大萬,三奖,4866/23,Jellied bean curd / 豆腐花,Sports Toto 多多
2023-08-29,Tue,3931,山打根馬會,特别奖,109/23,"Eating ""Dou Fu Fah"" / 吃豆腐花",Magnum 4D 萬能
2023-08-29,Tue,3931,山打根馬會,特别奖,109/23,BEANCURD JELLY,Damacai 大馬彩
2023-08-29,Tue,3931,山打根馬會,特别奖,109/23,Jellied bean curd / 豆腐花,Sports Toto 多多
2023-08-23,Wed,3931,大馬彩,特别奖,5628/23,"Eating ""Dou Fu Fah"" / 吃豆腐花",Magnum 4D 萬能
2023-08-23,Wed,3931,大馬彩,特别奖,5628/23,BEANCURD JELLY,Damacai 大馬彩
2023-08-23,Wed,3931,大馬彩,特别奖,5628/23,Jellied bean curd / 豆腐花,Sports Toto 多多
2022-11-19,Sat,3931,沙巴彩,二奖,3618/22,"Eating ""Dou Fu Fah"" / 吃豆腐花",Magnum 4D 萬能
2022-11-19,Sat,3931,沙巴彩,二奖,3618/22,BEANCURD JELLY,Damacai 大馬彩
2022-11-19,Sat,3931,沙巴彩,二奖,3618/22,Jellied bean curd / 豆腐花,Sports Toto 多多
2022-02-12,Sat,3931,山打根馬會,特别奖,021/22,"Eating ""Dou Fu Fah"" / 吃豆腐花",Magnum 4D 萬能
2022-02-12,Sat,3931,山打根馬會,特别奖,021/22,BEANCURD JELLY,Damacai 大馬彩
2022-02-12,Sat,3931,山打根馬會,特别奖,021/22,Jellied bean curd / 豆腐花,Sports Toto 多多
2020-01-22,Wed,3931,多多,特别奖,5063/20,"Eating ""Dou Fu Fah"" / 吃豆腐花",Magnum 4D 萬能
2020-01-22,Wed,3931,多多,特别奖,5063/20,BEANCURD JELLY,Damacai 大馬彩
2020-01-22,Wed,3931,多多,特别奖,5063/20,Jellied bean curd / 豆腐花,Sports Toto 多多
2019-11-16,Sat,3931,星池,特别奖,4499,"Eating ""Dou Fu Fah"" / 吃豆腐花",Magnum 4D 萬能
2019-11-16,Sat,3931,星池,特别奖,4499,BEANCURD JELLY,Damacai 大馬彩
2019-11-16,Sat,3931,星池,特别奖,4499,Jellied bean curd / 豆腐花,Sports Toto 多多
2019-09-11,Wed,3931,大馬彩,安慰奖,4949/19,"Eating ""Dou Fu Fah"" / 吃豆腐花",Magnum 4D 萬能
2019-09-11,Wed,3931,大馬彩,安慰奖,4949/19,BEANCURD JELLY,Damacai 大馬彩
2019-09-11,Wed,3931,大馬彩,安慰奖,4949/19,Jellied bean curd / 豆腐花,Sports Toto 多多
2017-09-05,Tue,3931,萬能,首奖,880/17,"Eating ""Dou Fu Fah"" / 吃豆腐花",Magnum 4D 萬能
2017-09-05,Tue,3931,萬能,首奖,880/17,BEANCURD JELLY,Damacai 大馬彩
2017-09-05,Tue,3931,萬能,首奖,880/17,Jellied bean curd / 豆腐花,Sports Toto 多多
2017-01-24,Tue,3931,砂大萬,特别奖,3700/17,"Eating ""Dou Fu Fah"" / 吃豆腐花",Magnum 4D 萬能
2017-01-24,Tue,3931,砂大萬,特别奖,3700/17,BEANCURD JELLY,Damacai 大馬彩
2017-01-24,Tue,3931,砂大萬,特别奖,3700/17,Jellied bean curd / 豆腐花,Sports Toto 多多
2016-11-19,Sat,3931,萬能,特别奖,735/16,"Eating ""Dou Fu Fah"" / 吃豆腐花",Magnum 4D 萬能
2016-11-19,Sat,3931,萬能,特别奖,735/16,BEANCURD JELLY,Damacai 大馬彩
2016-11-19,Sat,3931,萬能,特别奖,735/16,Jellied bean curd / 豆腐花,Sports Toto 多多
2016-08-28,Sun,3931,大馬彩,安慰奖,4413/16,"Eating ""Dou Fu Fah"" / 吃豆腐花",Magnum 4D 萬能
2016-08-28,Sun,3931,大馬彩,安慰奖,4413/16,BEANCURD JELLY,Damacai 大馬彩
2016-08-28,Sun,3931,大馬彩,安慰奖,4413/16,Jellied bean curd / 豆腐花,Sports Toto 多多
2016-05-29,Sun,3931,星池,安慰奖,3957,"Eating ""Dou Fu Fah"" / 吃豆腐花",Magnum 4D 萬能
2016-05-29,Sun,3931,星池,安慰奖,3957,BEANCURD JELLY,Damacai 大馬彩
2016-05-29,Sun,3931,星池,安慰奖,3957,Jellied bean curd / 豆腐花,Sports Toto 多多
2016-03-16,Wed,3931,砂大萬,安慰奖,3546/16,"Eating ""Dou Fu Fah"" / 吃豆腐花",Magnum 4D 萬能
2016-03-16,Wed,3931,砂大萬,安慰奖,3546/16,BEANCURD JELLY,Damacai 大馬彩
2016-03-16,Wed,3931,砂大萬,安慰奖,3546/16,Jellied bean curd / 豆腐花,Sports Toto 多多
2015-12-23,Wed,3931,沙巴彩,首奖,2411/15,"Eating ""Dou Fu Fah"" / 吃豆腐花",Magnum 4D 萬能
2015-12-23,Wed,3931,沙巴彩,首奖,2411/15,BEANCURD JELLY,Damacai 大馬彩
2015-12-23,Wed,3931,沙巴彩,首奖,2411/15,Jellied bean curd / 豆腐花,Sports Toto 多多
2015-10-14,Wed,3931,萬能,首奖,534/15,"Eating ""Dou Fu Fah"" / 吃豆腐花",Magnum 4D 萬能
2015-10-14,Wed,3931,萬能,首奖,534/15,BEANCURD JELLY,Damacai 大馬彩
2015-10-14,Wed,3931,萬能,首奖,534/15,Jellied bean curd / 豆腐花,Sports Toto 多多
2015-09-16,Wed,3931,星池,特别奖,3847,"Eating ""Dou Fu Fah"" / 吃豆腐花",Magnum 4D 萬能
2015-09-16,Wed,3931,星池,特别奖,3847,BEANCURD JELLY,Damacai 大馬彩
2015-09-16,Wed,3931,星池,特别奖,3847,Jellied bean curd / 豆腐花,Sports Toto 多多
2015-06-28,Sun,3931,山打根馬會,安慰奖,90/15,"Eating ""Dou Fu Fah"" / 吃豆腐花",Magnum 4D 萬能
2015-06-28,Sun,3931,山打根馬會,安慰奖,90/15,BEANCURD JELLY,Damacai 大馬彩
2015-06-28,Sun,3931,山打根馬會,安慰奖,90/15,Jellied bean curd / 豆腐花,Sports Toto 多多
2015-06-24,Wed,3931,多多,安慰奖,4258/15,"Eating ""Dou Fu Fah"" / 吃豆腐花",Magnum 4D 萬能
2015-06-24,Wed,3931,多多,安慰奖,4258/15,BEANCURD JELLY,Damacai 大馬彩
2015-06-24,Wed,3931,多多,安慰奖,4258/15,Jellied bean curd / 豆腐花,Sports Toto 多多
2014-12-24,Wed,3931,山打根馬會,首奖,175/14,"Eating ""Dou Fu Fah"" / 吃豆腐花",Magnum 4D 萬能
2014-12-24,Wed,3931,山打根馬會,首奖,175/14,BEANCURD JELLY,Damacai 大馬彩
2014-12-24,Wed,3931,山打根馬會,首奖,175/14,Jellied bean curd / 豆腐花,Sports Toto 多多
2014-10-12,Sun,3931,山打根馬會,特别奖,140/14,"Eating ""Dou Fu Fah"" / 吃豆腐花",Magnum 4D 萬能
2014-10-12,Sun,3931,山打根馬會,特别奖,140/14,BEANCURD JELLY,Damacai 大馬彩
2014-10-12,Sun,3931,山打根馬會,特别奖,140/14,Jellied bean curd / 豆腐花,Sports Toto 多多
2014-07-27,Sun,3931,山打根馬會,安慰奖,102/14,"Eating ""Dou Fu Fah"" / 吃豆腐花",Magnum 4D 萬能
2014-07-27,Sun,3931,山打根馬會,安慰奖,102/14,BEANCURD JELLY,Damacai 大馬彩
2014-07-27,Sun,3931,山打根馬會,安慰奖,102/14,Jellied bean curd / 豆腐花,Sports Toto 多多
2013-08-14,Wed,3931,星池,特别奖,3520,"Eating ""Dou Fu Fah"" / 吃豆腐花",Magnum 4D 萬能
2013-08-14,Wed,3931,星池,特别奖,3520,BEANCURD JELLY,Damacai 大馬彩
2013-08-14,Wed,3931,星池,特别奖,3520,Jellied bean curd / 豆腐花,Sports Toto 多多
2013-04-13,Sat,3931,星池,安慰奖,3467,"Eating ""Dou Fu Fah"" / 吃豆腐花",Magnum 4D 萬能
2013-04-13,Sat,3931,星池,安慰奖,3467,BEANCURD JELLY,Damacai 大馬彩
2013-04-13,Sat,3931,星池,安慰奖,3467,Jellied bean curd / 豆腐花,Sports Toto 多多
2012-09-12,Wed,3931,萬能,安慰奖,982/12,"Eating ""Dou Fu Fah"" / 吃豆腐花",Magnum 4D 萬能
2012-09-12,Wed,3931,萬能,安慰奖,982/12,BEANCURD JELLY,Damacai 大馬彩
2012-09-12,Wed,3931,萬能,安慰奖,982/12,Jellied bean curd / 豆腐花,Sports Toto 多多
2012-07-28,Sat,3931,沙巴彩,二奖,1805/12,"Eating ""Dou Fu Fah"" / 吃豆腐花",Magnum 4D 萬能
2012-07-28,Sat,3931,沙巴彩,二奖,1805/12,BEANCURD JELLY,Damacai 大馬彩
2012-07-28,Sat,3931,沙巴彩,二奖,1805/12,Jellied bean curd / 豆腐花,Sports Toto 多多
2012-07-25,Wed,3931,山打根馬會,安慰奖,103/12,"Eating ""Dou Fu Fah"" / 吃豆腐花",Magnum 4D 萬能
2012-07-25,Wed,3931,山打根馬會,安慰奖,103/12,BEANCURD JELLY,Damacai 大馬彩
2012-07-25,Wed,3931,山打根馬會,安慰奖,103/12,Jellied bean curd / 豆腐花,Sports Toto 多多
2012-01-04,Wed,3931,沙巴彩,安慰奖,1703/12,"Eating ""Dou Fu Fah"" / 吃豆腐花",Magnum 4D 萬能
2012-01-04,Wed,3931,沙巴彩,安慰奖,1703/12,BEANCURD JELLY,Damacai 大馬彩
2012-01-04,Wed,3931,沙巴彩,安慰奖,1703/12,Jellied bean curd / 豆腐花,Sports Toto 多多
2012-01-01,Sun,3931,星池,特别奖,3267/2012,"Eating ""Dou Fu Fah"" / 吃豆腐花",Magnum 4D 萬能
2012-01-01,Sun,3931,星池,特别奖,3267/2012,BEANCURD JELLY,Damacai 大馬彩
2012-01-01,Sun,3931,星池,特别奖,3267/2012,Jellied bean curd / 豆腐花,Sports Toto 多多
2011-12-27,Tue,3931,山打根馬會,安慰奖,175/11,"Eating ""Dou Fu Fah"" / 吃豆腐花",Magnum 4D 萬能
2011-12-27,Tue,3931,山打根馬會,安慰奖,175/11,BEANCURD JELLY,Damacai 大馬彩
2011-12-27,Tue,3931,山打根馬會,安慰奖,175/11,Jellied bean curd / 豆腐花,Sports Toto 多多
2011-04-17,Sun,3931,萬能,特别奖,734/11,"Eating ""Dou Fu Fah"" / 吃豆腐花",Magnum 4D 萬能
2011-04-17,Sun,3931,萬能,特别奖,734/11,BEANCURD JELLY,Damacai 大馬彩
2011-04-17,Sun,3931,萬能,特别奖,734/11,Jellied bean curd / 豆腐花,Sports Toto 多多
2010-08-15,Sun,3931,大馬彩,安慰奖,3341/10,"Eating ""Dou Fu Fah"" / 吃豆腐花",Magnum 4D 萬能
2010-08-15,Sun,3931,大馬彩,安慰奖,3341/10,BEANCURD JELLY,Damacai 大馬彩
2010-08-15,Sun,3931,大馬彩,安慰奖,3341/10,Jellied bean curd / 豆腐花,Sports Toto 多多
2010-06-27,Sun,3931,萬能,特别奖,591/10,"Eating ""Dou Fu Fah"" / 吃豆腐花",Magnum 4D 萬能
2010-06-27,Sun,3931,萬能,特别奖,591/10,BEANCURD JELLY,Damacai 大馬彩
2010-06-27,Sun,3931,萬能,特别奖,591/10,Jellied bean curd / 豆腐花,Sports Toto 多多
2010-06-26,Sat,3931,星池,安慰奖,3029/2010,"Eating ""Dou Fu Fah"" / 吃豆腐花",Magnum 4D 萬能
2010-06-26,Sat,3931,星池,安慰奖,3029/2010,BEANCURD JELLY,Damacai 大馬彩
2010-06-26,Sat,3931,星池,安慰奖,3029/2010,Jellied bean curd / 豆腐花,Sports Toto 多多
2010-02-20,Sat,3931,萬能,安慰奖,529/10,"Eating ""Dou Fu Fah"" / 吃豆腐花",Magnum 4D 萬能
2010-02-20,Sat,3931,萬能,安慰奖,529/10,BEANCURD JELLY,Damacai 大馬彩
2010-02-20,Sat,3931,萬能,安慰奖,529/10,Jellied bean curd / 豆腐花,Sports Toto 多多
2010-02-20,Sat,3931,大馬彩,安慰奖,3254/10,"Eating ""Dou Fu Fah"" / 吃豆腐花",Magnum 4D 萬能
2010-02-20,Sat,3931,大馬彩,安慰奖,3254/10,BEANCURD JELLY,Damacai 大馬彩
2010-02-20,Sat,3931,大馬彩,安慰奖,3254/10,Jellied bean curd / 豆腐花,Sports Toto 多多
2010-01-06,Wed,3931,大馬彩,特别奖,3232/10,"Eating ""Dou Fu Fah"" / 吃豆腐花",Magnum 4D 萬能
2010-01-06,Wed,3931,大馬彩,特别奖,3232/10,BEANCURD JELLY,Damacai 大馬彩
2010-01-06,Wed,3931,大馬彩,特别奖,3232/10,Jellied bean curd / 豆腐花,Sports Toto 多多
2009-12-30,Wed,3931,沙巴彩,特别奖,1348/09,"Eating ""Dou Fu Fah"" / 吃豆腐花",Magnum 4D 萬能
2009-12-30,Wed,3931,沙巴彩,特别奖,1348/09,BEANCURD JELLY,Damacai 大馬彩
2009-12-30,Wed,3931,沙巴彩,特别奖,1348/09,Jellied bean curd / 豆腐花,Sports Toto 多多
2009-10-04,Sun,3931,萬能,特别奖,461/09,"Eating ""Dou Fu Fah"" / 吃豆腐花",Magnum 4D 萬能
2009-10-04,Sun,3931,萬能,特别奖,461/09,BEANCURD JELLY,Damacai 大馬彩
2009-10-04,Sun,3931,萬能,特别奖,461/09,Jellied bean curd / 豆腐花,Sports Toto 多多
2009-04-25,Sat,3931,砂大萬,特别奖,2321/09,"Eating ""Dou Fu Fah"" / 吃豆腐花",Magnum 4D 萬能
2009-04-25,Sat,3931,砂大萬,特别奖,2321/09,BEANCURD JELLY,Damacai 大馬彩
2009-04-25,Sat,3931,砂大萬,特别奖,2321/09,Jellied bean curd / 豆腐花,Sports Toto 多多
2009-04-22,Wed,3931,大馬彩,安慰奖,3105/09,"Eating ""Dou Fu Fah"" / 吃豆腐花",Magnum 4D 萬能
2009-04-22,Wed,3931,大馬彩,安慰奖,3105/09,BEANCURD JELLY,Damacai 大馬彩
2009-04-22,Wed,3931,大馬彩,安慰奖,3105/09,Jellied bean curd / 豆腐花,Sports Toto 多多
2009-04-12,Sun,3931,萬能,特别奖,376/09,"Eating ""Dou Fu Fah"" / 吃豆腐花",Magnum 4D 萬能
2009-04-12,Sun,3931,萬能,特别奖,376/09,BEANCURD JELLY,Damacai 大馬彩
2009-04-12,Sun,3931,萬能,特别奖,376/09,Jellied bean curd / 豆腐花,Sports Toto 多多
2009-02-14,Sat,3931,大馬彩,首奖,3074/09,"Eating ""Dou Fu Fah"" / 吃豆腐花",Magnum 4D 萬能
2009-02-14,Sat,3931,大馬彩,首奖,3074/09,BEANCURD JELLY,Damacai 大馬彩
2009-02-14,Sat,3931,大馬彩,首奖,3074/09,Jellied bean curd / 豆腐花,Sports Toto 多多
2008-09-14,Sun,3931,萬能,特别奖,280/08,"Eating ""Dou Fu Fah"" / 吃豆腐花",Magnum 4D 萬能
2008-09-14,Sun,3931,萬能,特别奖,280/08,BEANCURD JELLY,Damacai 大馬彩
2008-09-14,Sun,3931,萬能,特别奖,280/08,Jellied bean curd / 豆腐花,Sports Toto 多多
2008-06-29,Sun,3931,山打根馬會,安慰奖,81/08,"Eating ""Dou Fu Fah"" / 吃豆腐花",Magnum 4D 萬能
2008-06-29,Sun,3931,山打根馬會,安慰奖,81/08,BEANCURD JELLY,Damacai 大馬彩
2008-06-29,Sun,3931,山打根馬會,安慰奖,81/08,Jellied bean curd / 豆腐花,Sports Toto 多多
2008-03-08,Sat,3931,多多,特别奖,2976/08,"Eating ""Dou Fu Fah"" / 吃豆腐花",Magnum 4D 萬能
2008-03-08,Sat,3931,多多,特别奖,2976/08,BEANCURD JELLY,Damacai 大馬彩
2008-03-08,Sat,3931,多多,特别奖,2976/08,Jellied bean curd / 豆腐花,Sports Toto 多多
2008-03-01,Sat,3931,砂大萬,安慰奖,2132/08,"Eating ""Dou Fu Fah"" / 吃豆腐花",Magnum 4D 萬能
2008-03-01,Sat,3931,砂大萬,安慰奖,2132/08,BEANCURD JELLY,Damacai 大馬彩
2008-03-01,Sat,3931,砂大萬,安慰奖,2132/08,Jellied bean curd / 豆腐花,Sports Toto 多多
2008-02-09,Sat,3931,沙巴彩,安慰奖,1028/08,"Eating ""Dou Fu Fah"" / 吃豆腐花",Magnum 4D 萬能
2008-02-09,Sat,3931,沙巴彩,安慰奖,1028/08,BEANCURD JELLY,Damacai 大馬彩
2008-02-09,Sat,3931,沙巴彩,安慰奖,1028/08,Jellied bean curd / 豆腐花,Sports Toto 多多
2008-02-04,Mon,3931,沙巴彩,特别奖,1025/08,"Eating ""Dou Fu Fah"" / 吃豆腐花",Magnum 4D 萬能
2008-02-04,Mon,3931,沙巴彩,特别奖,1025/08,BEANCURD JELLY,Damacai 大馬彩
2008-02-04,Mon,3931,沙巴彩,特别奖,1025/08,Jellied bean curd / 豆腐花,Sports Toto 多多
2007-10-17,Wed,3931,沙巴彩,安慰奖,976/07,"Eating ""Dou Fu Fah"" / 吃豆腐花",Magnum 4D 萬能
2007-10-17,Wed,3931,沙巴彩,安慰奖,976/07,BEANCURD JELLY,Damacai 大馬彩
2007-10-17,Wed,3931,沙巴彩,安慰奖,976/07,Jellied bean curd / 豆腐花,Sports Toto 多多
2007-09-05,Wed,3931,多多,安慰奖,2892/07,"Eating ""Dou Fu Fah"" / 吃豆腐花",Magnum 4D 萬能
2007-09-05,Wed,3931,多多,安慰奖,2892/07,BEANCURD JELLY,Damacai 大馬彩
2007-09-05,Wed,3931,多多,安慰奖,2892/07,Jellied bean curd / 豆腐花,Sports Toto 多多
2007-06-23,Sat,3931,砂大萬,特别奖,2018/07,"Eating ""Dou Fu Fah"" / 吃豆腐花",Magnum 4D 萬能
2007-06-23,Sat,3931,砂大萬,特别奖,2018/07,BEANCURD JELLY,Damacai 大馬彩
2007-06-23,Sat,3931,砂大萬,特别奖,2018/07,Jellied bean curd / 豆腐花,Sports Toto 多多
2007-02-13,Tue,3931,多多,特别奖,2798/07,"Eating ""Dou Fu Fah"" / 吃豆腐花",Magnum 4D 萬能
2007-02-13,Tue,3931,多多,特别奖,2798/07,BEANCURD JELLY,Damacai 大馬彩
2007-02-13,Tue,3931,多多,特别奖,2798/07,Jellied bean curd / 豆腐花,Sports Toto 多多
2006-12-06,Wed,3931,沙巴彩,安慰奖,831/06,"Eating ""Dou Fu Fah"" / 吃豆腐花",Magnum 4D 萬能
2006-12-06,Wed,3931,沙巴彩,安慰奖,831/06,BEANCURD JELLY,Damacai 大馬彩
2006-12-06,Wed,3931,沙巴彩,安慰奖,831/06,Jellied bean curd / 豆腐花,Sports Toto 多多
2006-11-26,Sun,3931,大馬彩,三奖,2709/06,"Eating ""Dou Fu Fah"" / 吃豆腐花",Magnum 4D 萬能
2006-11-26,Sun,3931,大馬彩,三奖,2709/06,BEANCURD JELLY,Damacai 大馬彩
2006-11-26,Sun,3931,大馬彩,三奖,2709/06,Jellied bean curd / 豆腐花,Sports Toto 多多
2006-03-11,Sat,3931,多多,特别奖,2641/06,"Eating ""Dou Fu Fah"" / 吃豆腐花",Magnum 4D 萬能
2006-03-11,Sat,3931,多多,特别奖,2641/06,BEANCURD JELLY,Damacai 大馬彩
2006-03-11,Sat,3931,多多,特别奖,2641/06,Jellied bean curd / 豆腐花,Sports Toto 多多
2005-11-30,Wed,3931,沙巴彩,安慰奖,659/05,"Eating ""Dou Fu Fah"" / 吃豆腐花",Magnum 4D 萬能
2005-11-30,Wed,3931,沙巴彩,安慰奖,659/05,BEANCURD JELLY,Damacai 大馬彩
2005-11-30,Wed,3931,沙巴彩,安慰奖,659/05,Jellied bean curd / 豆腐花,Sports Toto 多多
2005-05-25,Wed,3931,沙巴彩,特别奖,571/05,"Eating ""Dou Fu Fah"" / 吃豆腐花",Magnum 4D 萬能
2005-05-25,Wed,3931,沙巴彩,特别奖,571/05,BEANCURD JELLY,Damacai 大馬彩
2005-05-25,Wed,3931,沙巴彩,特别奖,571/05,Jellied bean curd / 豆腐花,Sports Toto 多多
2005-02-26,Sat,3931,大馬彩,安慰奖,2411/05,"Eating ""Dou Fu Fah"" / 吃豆腐花",Magnum 4D 萬能
2005-02-26,Sat,3931,大馬彩,安慰奖,2411/05,BEANCURD JELLY,Damacai 大馬彩
2005-02-26,Sat,3931,大馬彩,安慰奖,2411/05,Jellied bean curd / 豆腐花,Sports Toto 多多
2004-05-04,Tue,3931,多多,特别奖,2327/04,"Eating ""Dou Fu Fah"" / 吃豆腐花",Magnum 4D 萬能
2004-05-04,Tue,3931,多多,特别奖,2327/04,BEANCURD JELLY,Damacai 大馬彩
2004-05-04,Tue,3931,多多,特别奖,2327/04,Jellied bean curd / 豆腐花,Sports Toto 多多
2004-04-28,Wed,3931,星池,特别奖,2065/2004,"Eating ""Dou Fu Fah"" / 吃豆腐花",Magnum 4D 萬能
2004-04-28,Wed,3931,星池,特别奖,2065/2004,BEANCURD JELLY,Damacai 大馬彩
2004-04-28,Wed,3931,星池,特别奖,2065/2004,Jellied bean curd / 豆腐花,Sports Toto 多多
2003-10-04,Sat,3931,砂大萬,特别奖,1392/03,"Eating ""Dou Fu Fah"" / 吃豆腐花",Magnum 4D 萬能
2003-10-04,Sat,3931,砂大萬,特别奖,1392/03,BEANCURD JELLY,Damacai 大馬彩
2003-10-04,Sat,3931,砂大萬,特别奖,1392/03,Jellied bean curd / 豆腐花,Sports Toto 多多
2003-05-04,Sun,3931,山打根馬會,特别奖,59/03,"Eating ""Dou Fu Fah"" / 吃豆腐花",Magnum 4D 萬能
2003-05-04,Sun,3931,山打根馬會,特别奖,59/03,BEANCURD JELLY,Damacai 大馬彩
2003-05-04,Sun,3931,山打根馬會,特别奖,59/03,Jellied bean curd / 豆腐花,Sports Toto 多多
2002-12-08,Sun,3931,萬能,安慰奖,147/02,"Eating ""Dou Fu Fah"" / 吃豆腐花",Magnum 4D 萬能
2002-12-08,Sun,3931,萬能,安慰奖,147/02,BEANCURD JELLY,Damacai 大馬彩
2002-12-08,Sun,3931,萬能,安慰奖,147/02,Jellied bean curd / 豆腐花,Sports Toto 多多
2002-09-08,Sun,3931,萬能,安慰奖,108/02,"Eating ""Dou Fu Fah"" / 吃豆腐花",Magnum 4D 萬能
2002-09-08,Sun,3931,萬能,安慰奖,108/02,BEANCURD JELLY,Damacai 大馬彩
2002-09-08,Sun,3931,萬能,安慰奖,108/02,Jellied bean curd / 豆腐花,Sports Toto 多多
2001-10-17,Wed,3931,山打根馬會,特别奖,130/2001,"Eating ""Dou Fu Fah"" / 吃豆腐花",Magnum 4D 萬能
2001-10-17,Wed,3931,山打根馬會,特别奖,130/2001,BEANCURD JELLY,Damacai 大馬彩
2001-10-17,Wed,3931,山打根馬會,特别奖,130/2001,Jellied bean curd / 豆腐花,Sports Toto 多多
2000-11-15,Wed,3931,砂大萬,安慰奖,0916/00,"Eating ""Dou Fu Fah"" / 吃豆腐花",Magnum 4D 萬能
2000-11-15,Wed,3931,砂大萬,安慰奖,0916/00,BEANCURD JELLY,Damacai 大馬彩
2000-11-15,Wed,3931,砂大萬,安慰奖,0916/00,Jellied bean curd / 豆腐花,Sports Toto 多多
2000-02-08,Tue,3931,多多,二奖,1633/00,"Eating ""Dou Fu Fah"" / 吃豆腐花",Magnum 4D 萬能
2000-02-08,Tue,3931,多多,二奖,1633/00,BEANCURD JELLY,Damacai 大馬彩
2000-02-08,Tue,3931,多多,二奖,1633/00,Jellied bean curd / 豆腐花,Sports Toto 多多
1999-06-20,Sun,3931,多多,特别奖,1529/99,"Eating ""Dou Fu Fah"" / 吃豆腐花",Magnum 4D 萬能
1999-06-20,Sun,3931,多多,特别奖,1529/99,BEANCURD JELLY,Damacai 大馬彩
1999-06-20,Sun,3931,多多,特别奖,1529/99,Jellied bean curd / 豆腐花,Sports Toto 多多
1999-03-14,Sun,3931,星池,特别奖,D19990314,"Eating ""Dou Fu Fah"" / 吃豆腐花",Magnum 4D 萬能
1999-03-14,Sun,3931,星池,特别奖,D19990314,BEANCURD JELLY,Damacai 大馬彩
1999-03-14,Sun,3931,星池,特别奖,D19990314,Jellied bean curd / 豆腐花,Sports Toto 多多
1998-11-28,Sat,3931,大馬彩,特别奖,1383/98,"Eating ""Dou Fu Fah"" / 吃豆腐花",Magnum 4D 萬能
1998-11-28,Sat,3931,大馬彩,特别奖,1383/98,BEANCURD JELLY,Damacai 大馬彩
1998-11-28,Sat,3931,大馬彩,特别奖,1383/98,Jellied bean curd / 豆腐花,Sports Toto 多多
1998-01-11,Sun,3931,大馬彩,首奖,1245/98,"Eating ""Dou Fu Fah"" / 吃豆腐花",Magnum 4D 萬能
1998-01-11,Sun,3931,大馬彩,首奖,1245/98,BEANCURD JELLY,Damacai 大馬彩
1998-01-11,Sun,3931,大馬彩,首奖,1245/98,Jellied bean curd / 豆腐花,Sports Toto 多多
1997-09-13,Sat,3931,多多,特别奖,1246/97,"Eating ""Dou Fu Fah"" / 吃豆腐花",Magnum 4D 萬能
1997-09-13,Sat,3931,多多,特别奖,1246/97,BEANCURD JELLY,Damacai 大馬彩
1997-09-13,Sat,3931,多多,特别奖,1246/97,Jellied bean curd / 豆腐花,Sports Toto 多多
1997-01-26,Sun,3931,大馬彩,二奖,1095/97,"Eating ""Dou Fu Fah"" / 吃豆腐花",Magnum 4D 萬能
1997-01-26,Sun,3931,大馬彩,二奖,1095/97,BEANCURD JELLY,Damacai 大馬彩
1997-01-26,Sun,3931,大馬彩,二奖,1095/97,Jellied bean curd / 豆腐花,Sports Toto 多多
1996-12-08,Sun,3931,萬能,安慰奖,147/96,"Eating ""Dou Fu Fah"" / 吃豆腐花",Magnum 4D 萬能
1996-12-08,Sun,3931,萬能,安慰奖,147/96,BEANCURD JELLY,Damacai 大馬彩
1996-12-08,Sun,3931,萬能,安慰奖,147/96,Jellied bean curd / 豆腐花,Sports Toto 多多
1995-11-15,Wed,3931,多多,首奖,960/95,"Eating ""Dou Fu Fah"" / 吃豆腐花",Magnum 4D 萬能
1995-11-15,Wed,3931,多多,首奖,960/95,BEANCURD JELLY,Damacai 大馬彩
1995-11-15,Wed,3931,多多,首奖,960/95,Jellied bean curd / 豆腐花,Sports Toto 多多
1995-09-13,Wed,3931,大馬彩,特别奖,0880/95,"Eating ""Dou Fu Fah"" / 吃豆腐花",Magnum 4D 萬能
1995-09-13,Wed,3931,大馬彩,特别奖,0880/95,BEANCURD JELLY,Damacai 大馬彩
1995-09-13,Wed,3931,大馬彩,特别奖,0880/95,Jellied bean curd / 豆腐花,Sports Toto 多多
1993-10-23,Sat,3931,萬能,安慰奖,127/93,"Eating ""Dou Fu Fah"" / 吃豆腐花",Magnum 4D 萬能
1993-10-23,Sat,3931,萬能,安慰奖,127/93,BEANCURD JELLY,Damacai 大馬彩
1993-10-23,Sat,3931,萬能,安慰奖,127/93,Jellied bean curd / 豆腐花,Sports Toto 多多
1992-12-19,Sat,3931,星池,特别奖,D19921219,"Eating ""Dou Fu Fah"" / 吃豆腐花",Magnum 4D 萬能
1992-12-19,Sat,3931,星池,特别奖,D19921219,BEANCURD JELLY,Damacai 大馬彩
1992-12-19,Sat,3931,星池,特别奖,D19921219,Jellied bean curd / 豆腐花,Sports Toto 多多
1992-11-11,Wed,3931,大馬彩,特别奖,0436/92,"Eating ""Dou Fu Fah"" / 吃豆腐花",Magnum 4D 萬能
1992-11-11,Wed,3931,大馬彩,特别奖,0436/92,BEANCURD JELLY,Damacai 大馬彩
1992-11-11,Wed,3931,大馬彩,特别奖,0436/92,Jellied bean curd / 豆腐花,Sports Toto 多多
1992-05-21,Thu,3931,多多,安慰奖,414/92,"Eating ""Dou Fu Fah"" / 吃豆腐花",Magnum 4D 萬能
1992-05-21,Thu,3931,多多,安慰奖,414/92,BEANCURD JELLY,Damacai 大馬彩
1992-05-21,Thu,3931,多多,安慰奖,414/92,Jellied bean curd / 豆腐花,Sports Toto 多多
1991-01-20,Sun,3931,星池,三奖,D19910120,"Eating ""Dou Fu Fah"" / 吃豆腐花",Magnum 4D 萬能
1991-01-20,Sun,3931,星池,三奖,D19910120,BEANCURD JELLY,Damacai 大馬彩
1991-01-20,Sun,3931,星池,三奖,D19910120,Jellied bean curd / 豆腐花,Sports Toto 多多
1991-01-14,Mon,3931,萬能,安慰奖,006/91,"Eating ""Dou Fu Fah"" / 吃豆腐花",Magnum 4D 萬能
1991-01-14,Mon,3931,萬能,安慰奖,006/91,BEANCURD JELLY,Damacai 大馬彩
1991-01-14,Mon,3931,萬能,安慰奖,006/91,Jellied bean curd / 豆腐花,Sports Toto 多多
1990-12-22,Sat,3931,萬能,特别奖,153/90,"Eating ""Dou Fu Fah"" / 吃豆腐花",Magnum 4D 萬能
1990-12-22,Sat,3931,萬能,特别奖,153/90,BEANCURD JELLY,Damacai 大馬彩
1990-12-22,Sat,3931,萬能,特别奖,153/90,Jellied bean curd / 豆腐花,Sports Toto 多多
1988-07-04,Mon,3931,萬能,特别奖,080/88,"Eating ""Dou Fu Fah"" / 吃豆腐花",Magnum 4D 萬能
1988-07-04,Mon,3931,萬能,特别奖,080/88,BEANCURD JELLY,Damacai 大馬彩
1988-07-04,Mon,3931,萬能,特别奖,080/88,Jellied bean curd / 豆腐花,Sports Toto 多多
1987-08-22,Sat,3931,星池,特别奖,D19870822,"Eating ""Dou Fu Fah"" / 吃豆腐花",Magnum 4D 萬能
1987-08-22,Sat,3931,星池,特别奖,D19870822,BEANCURD JELLY,Damacai 大馬彩
1987-08-22,Sat,3931,星池,特别奖,D19870822,Jellied bean curd / 豆腐花,Sports Toto 多多
1986-12-07,Sun,3931,星池,特别奖,D19861207,"Eating ""Dou Fu Fah"" / 吃豆腐花",Magnum 4D 萬能
1986-12-07,Sun,3931,星池,特别奖,D19861207,BEANCURD JELLY,Damacai 大馬彩
1986-12-07,Sun,3931,星池,特别奖,D19861207,Jellied bean curd / 豆腐花,Sports Toto 多多
1985-09-21,Sat,3931,萬能,特别奖,065/85,"Eating ""Dou Fu Fah"" / 吃豆腐花",Magnum 4D 萬能
1985-09-21,Sat,3931,萬能,特别奖,065/85,BEANCURD JELLY,Damacai 大馬彩
1985-09-21,Sat,3931,萬能,特别奖,065/85,Jellied bean curd / 豆腐花,Sports Toto 多多
