开彩日期,开彩日,彩号,秦庄,彩金,抽奖,图译,秦典
2024-05-05,Sun,979,多多,特别奖,5797/24,Repairing Bridge / 修桥,Magnum 4D 萬能
2024-05-05,Sun,979,多多,特别奖,5797/24,WATCH,Damacai 大馬彩
2024-05-05,Sun,979,多多,特别奖,5797/24,Wristwatch / 手表,Sports Toto 多多
2024-01-24,Wed,979,多多,特别奖,5750/24,Repairing Bridge / 修桥,Magnum 4D 萬能
2024-01-24,Wed,979,多多,特别奖,5750/24,WATCH,Damacai 大馬彩
2024-01-24,Wed,979,多多,特别奖,5750/24,Wristwatch / 手表,Sports Toto 多多
2023-05-14,Sun,979,沙巴彩,安慰奖,3702/23,Repairing Bridge / 修桥,Magnum 4D 萬能
2023-05-14,Sun,979,沙巴彩,安慰奖,3702/23,WATCH,Damacai 大馬彩
2023-05-14,Sun,979,沙巴彩,安慰奖,3702/23,Wristwatch / 手表,Sports Toto 多多
2022-02-23,Wed,979,山打根馬會,安慰奖,027/22,Repairing Bridge / 修桥,Magnum 4D 萬能
2022-02-23,Wed,979,山打根馬會,安慰奖,027/22,WATCH,Damacai 大馬彩
2022-02-23,Wed,979,山打根馬會,安慰奖,027/22,Wristwatch / 手表,Sports Toto 多多
2022-01-12,Wed,979,山打根馬會,三奖,006/22,Repairing Bridge / 修桥,Magnum 4D 萬能
2022-01-12,Wed,979,山打根馬會,三奖,006/22,WATCH,Damacai 大馬彩
2022-01-12,Wed,979,山打根馬會,三奖,006/22,Wristwatch / 手表,Sports Toto 多多
2021-05-29,Sat,979,星池,特别奖,4706,Repairing Bridge / 修桥,Magnum 4D 萬能
2021-05-29,Sat,979,星池,特别奖,4706,WATCH,Damacai 大馬彩
2021-05-29,Sat,979,星池,特别奖,4706,Wristwatch / 手表,Sports Toto 多多
2021-03-27,Sat,979,多多,特别奖,5260/21,Repairing Bridge / 修桥,Magnum 4D 萬能
2021-03-27,Sat,979,多多,特别奖,5260/21,WATCH,Damacai 大馬彩
2021-03-27,Sat,979,多多,特别奖,5260/21,Wristwatch / 手表,Sports Toto 多多
2020-10-03,Sat,979,多多,三奖,5177/20,Repairing Bridge / 修桥,Magnum 4D 萬能
2020-10-03,Sat,979,多多,三奖,5177/20,WATCH,Damacai 大馬彩
2020-10-03,Sat,979,多多,三奖,5177/20,Wristwatch / 手表,Sports Toto 多多
2020-07-15,Wed,979,砂大萬,安慰奖,4301/20,Repairing Bridge / 修桥,Magnum 4D 萬能
2020-07-15,Wed,979,砂大萬,安慰奖,4301/20,WATCH,Damacai 大馬彩
2020-07-15,Wed,979,砂大萬,安慰奖,4301/20,Wristwatch / 手表,Sports Toto 多多
2019-10-12,Sat,979,多多,特别奖,5016/19,Repairing Bridge / 修桥,Magnum 4D 萬能
2019-10-12,Sat,979,多多,特别奖,5016/19,WATCH,Damacai 大馬彩
2019-10-12,Sat,979,多多,特别奖,5016/19,Wristwatch / 手表,Sports Toto 多多
2019-08-14,Wed,979,砂大萬,安慰奖,4147/19,Repairing Bridge / 修桥,Magnum 4D 萬能
2019-08-14,Wed,979,砂大萬,安慰奖,4147/19,WATCH,Damacai 大馬彩
2019-08-14,Wed,979,砂大萬,安慰奖,4147/19,Wristwatch / 手表,Sports Toto 多多
2019-01-20,Sun,979,砂大萬,特别奖,4053/19,Repairing Bridge / 修桥,Magnum 4D 萬能
2019-01-20,Sun,979,砂大萬,特别奖,4053/19,WATCH,Damacai 大馬彩
2019-01-20,Sun,979,砂大萬,特别奖,4053/19,Wristwatch / 手表,Sports Toto 多多
2019-01-16,Wed,979,砂大萬,特别奖,4051/19,Repairing Bridge / 修桥,Magnum 4D 萬能
2019-01-16,Wed,979,砂大萬,特别奖,4051/19,WATCH,Damacai 大馬彩
2019-01-16,Wed,979,砂大萬,特别奖,4051/19,Wristwatch / 手表,Sports Toto 多多
2018-10-14,Sun,979,大馬彩,安慰奖,4794/18,Repairing Bridge / 修桥,Magnum 4D 萬能
2018-10-14,Sun,979,大馬彩,安慰奖,4794/18,WATCH,Damacai 大馬彩
2018-10-14,Sun,979,大馬彩,安慰奖,4794/18,Wristwatch / 手表,Sports Toto 多多
2018-04-01,Sun,979,大馬彩,特别奖,4700/18,Repairing Bridge / 修桥,Magnum 4D 萬能
2018-04-01,Sun,979,大馬彩,特别奖,4700/18,WATCH,Damacai 大馬彩
2018-04-01,Sun,979,大馬彩,特别奖,4700/18,Wristwatch / 手表,Sports Toto 多多
2018-01-03,Wed,979,山打根馬會,二奖,001/18,Repairing Bridge / 修桥,Magnum 4D 萬能
2018-01-03,Wed,979,山打根馬會,二奖,001/18,WATCH,Damacai 大馬彩
2018-01-03,Wed,979,山打根馬會,二奖,001/18,Wristwatch / 手表,Sports Toto 多多
2017-08-13,Sun,979,山打根馬會,特别奖,110/17,Repairing Bridge / 修桥,Magnum 4D 萬能
2017-08-13,Sun,979,山打根馬會,特别奖,110/17,WATCH,Damacai 大馬彩
2017-08-13,Sun,979,山打根馬會,特别奖,110/17,Wristwatch / 手表,Sports Toto 多多
2017-03-18,Sat,979,星池,特别奖,4082,Repairing Bridge / 修桥,Magnum 4D 萬能
2017-03-18,Sat,979,星池,特别奖,4082,WATCH,Damacai 大馬彩
2017-03-18,Sat,979,星池,特别奖,4082,Wristwatch / 手表,Sports Toto 多多
2017-03-15,Wed,979,萬能,安慰奖,795/17,Repairing Bridge / 修桥,Magnum 4D 萬能
2017-03-15,Wed,979,萬能,安慰奖,795/17,WATCH,Damacai 大馬彩
2017-03-15,Wed,979,萬能,安慰奖,795/17,Wristwatch / 手表,Sports Toto 多多
2017-02-07,Tue,979,萬能,特别奖,777/17,Repairing Bridge / 修桥,Magnum 4D 萬能
2017-02-07,Tue,979,萬能,特别奖,777/17,WATCH,Damacai 大馬彩
2017-02-07,Tue,979,萬能,特别奖,777/17,Wristwatch / 手表,Sports Toto 多多
2016-12-21,Wed,979,多多,安慰奖,4523/16,Repairing Bridge / 修桥,Magnum 4D 萬能
2016-12-21,Wed,979,多多,安慰奖,4523/16,WATCH,Damacai 大馬彩
2016-12-21,Wed,979,多多,安慰奖,4523/16,Wristwatch / 手表,Sports Toto 多多
2016-05-04,Wed,979,砂大萬,特别奖,3570/16,Repairing Bridge / 修桥,Magnum 4D 萬能
2016-05-04,Wed,979,砂大萬,特别奖,3570/16,WATCH,Damacai 大馬彩
2016-05-04,Wed,979,砂大萬,特别奖,3570/16,Wristwatch / 手表,Sports Toto 多多
2016-02-14,Sun,979,萬能,特别奖,597/16,Repairing Bridge / 修桥,Magnum 4D 萬能
2016-02-14,Sun,979,萬能,特别奖,597/16,WATCH,Damacai 大馬彩
2016-02-14,Sun,979,萬能,特别奖,597/16,Wristwatch / 手表,Sports Toto 多多
2015-09-09,Wed,979,星池,特别奖,3844,Repairing Bridge / 修桥,Magnum 4D 萬能
2015-09-09,Wed,979,星池,特别奖,3844,WATCH,Damacai 大馬彩
2015-09-09,Wed,979,星池,特别奖,3844,Wristwatch / 手表,Sports Toto 多多
2015-08-19,Wed,979,多多,特别奖,4284/15,Repairing Bridge / 修桥,Magnum 4D 萬能
2015-08-19,Wed,979,多多,特别奖,4284/15,WATCH,Damacai 大馬彩
2015-08-19,Wed,979,多多,特别奖,4284/15,Wristwatch / 手表,Sports Toto 多多
2015-04-04,Sat,979,大馬彩,特别奖,4165/15,Repairing Bridge / 修桥,Magnum 4D 萬能
2015-04-04,Sat,979,大馬彩,特别奖,4165/15,WATCH,Damacai 大馬彩
2015-04-04,Sat,979,大馬彩,特别奖,4165/15,Wristwatch / 手表,Sports Toto 多多
2015-03-14,Sat,979,山打根馬會,特别奖,039/15,Repairing Bridge / 修桥,Magnum 4D 萬能
2015-03-14,Sat,979,山打根馬會,特别奖,039/15,WATCH,Damacai 大馬彩
2015-03-14,Sat,979,山打根馬會,特别奖,039/15,Wristwatch / 手表,Sports Toto 多多
2014-11-25,Tue,979,砂大萬,特别奖,3312/14,Repairing Bridge / 修桥,Magnum 4D 萬能
2014-11-25,Tue,979,砂大萬,特别奖,3312/14,WATCH,Damacai 大馬彩
2014-11-25,Tue,979,砂大萬,特别奖,3312/14,Wristwatch / 手表,Sports Toto 多多
2014-07-02,Wed,979,多多,安慰奖,4083/14,Repairing Bridge / 修桥,Magnum 4D 萬能
2014-07-02,Wed,979,多多,安慰奖,4083/14,WATCH,Damacai 大馬彩
2014-07-02,Wed,979,多多,安慰奖,4083/14,Wristwatch / 手表,Sports Toto 多多
2014-06-22,Sun,979,大馬彩,特别奖,4025/14,Repairing Bridge / 修桥,Magnum 4D 萬能
2014-06-22,Sun,979,大馬彩,特别奖,4025/14,WATCH,Damacai 大馬彩
2014-06-22,Sun,979,大馬彩,特别奖,4025/14,Wristwatch / 手表,Sports Toto 多多
2013-10-01,Tue,979,大馬彩,特别奖,3895/13,Repairing Bridge / 修桥,Magnum 4D 萬能
2013-10-01,Tue,979,大馬彩,特别奖,3895/13,WATCH,Damacai 大馬彩
2013-10-01,Tue,979,大馬彩,特别奖,3895/13,Wristwatch / 手表,Sports Toto 多多
2013-08-21,Wed,979,多多,特别奖,3928/13,Repairing Bridge / 修桥,Magnum 4D 萬能
2013-08-21,Wed,979,多多,特别奖,3928/13,WATCH,Damacai 大馬彩
2013-08-21,Wed,979,多多,特别奖,3928/13,Wristwatch / 手表,Sports Toto 多多
2013-07-24,Wed,979,多多,安慰奖,3915/13,Repairing Bridge / 修桥,Magnum 4D 萬能
2013-07-24,Wed,979,多多,安慰奖,3915/13,WATCH,Damacai 大馬彩
2013-07-24,Wed,979,多多,安慰奖,3915/13,Wristwatch / 手表,Sports Toto 多多
2013-03-23,Sat,979,大馬彩,安慰奖,3802/13,Repairing Bridge / 修桥,Magnum 4D 萬能
2013-03-23,Sat,979,大馬彩,安慰奖,3802/13,WATCH,Damacai 大馬彩
2013-03-23,Sat,979,大馬彩,安慰奖,3802/13,Wristwatch / 手表,Sports Toto 多多
2013-02-24,Sun,979,山打根馬會,三奖,29/13,Repairing Bridge / 修桥,Magnum 4D 萬能
2013-02-24,Sun,979,山打根馬會,三奖,29/13,WATCH,Damacai 大馬彩
2013-02-24,Sun,979,山打根馬會,三奖,29/13,Wristwatch / 手表,Sports Toto 多多
2013-01-30,Wed,979,沙巴彩,安慰奖,1895/13,Repairing Bridge / 修桥,Magnum 4D 萬能
2013-01-30,Wed,979,沙巴彩,安慰奖,1895/13,WATCH,Damacai 大馬彩
2013-01-30,Wed,979,沙巴彩,安慰奖,1895/13,Wristwatch / 手表,Sports Toto 多多
2012-09-08,Sat,979,多多,特别奖,3758/12,Repairing Bridge / 修桥,Magnum 4D 萬能
2012-09-08,Sat,979,多多,特别奖,3758/12,WATCH,Damacai 大馬彩
2012-09-08,Sat,979,多多,特别奖,3758/12,Wristwatch / 手表,Sports Toto 多多
2012-02-12,Sun,979,沙巴彩,安慰奖,1724/12,Repairing Bridge / 修桥,Magnum 4D 萬能
2012-02-12,Sun,979,沙巴彩,安慰奖,1724/12,WATCH,Damacai 大馬彩
2012-02-12,Sun,979,沙巴彩,安慰奖,1724/12,Wristwatch / 手表,Sports Toto 多多
2012-02-04,Sat,979,大馬彩,首奖,3600/12,Repairing Bridge / 修桥,Magnum 4D 萬能
2012-02-04,Sat,979,大馬彩,首奖,3600/12,WATCH,Damacai 大馬彩
2012-02-04,Sat,979,大馬彩,首奖,3600/12,Wristwatch / 手表,Sports Toto 多多
2011-11-13,Sun,979,星池,特别奖,3246/2011,Repairing Bridge / 修桥,Magnum 4D 萬能
2011-11-13,Sun,979,星池,特别奖,3246/2011,WATCH,Damacai 大馬彩
2011-11-13,Sun,979,星池,特别奖,3246/2011,Wristwatch / 手表,Sports Toto 多多
2011-07-27,Wed,979,沙巴彩,特别奖,1626/11,Repairing Bridge / 修桥,Magnum 4D 萬能
2011-07-27,Wed,979,沙巴彩,特别奖,1626/11,WATCH,Damacai 大馬彩
2011-07-27,Wed,979,沙巴彩,特别奖,1626/11,Wristwatch / 手表,Sports Toto 多多
2011-07-23,Sat,979,萬能,特别奖,780/11,Repairing Bridge / 修桥,Magnum 4D 萬能
2011-07-23,Sat,979,萬能,特别奖,780/11,WATCH,Damacai 大馬彩
2011-07-23,Sat,979,萬能,特别奖,780/11,Wristwatch / 手表,Sports Toto 多多
2010-12-29,Wed,979,星池,安慰奖,3109/2010,Repairing Bridge / 修桥,Magnum 4D 萬能
2010-12-29,Wed,979,星池,安慰奖,3109/2010,WATCH,Damacai 大馬彩
2010-12-29,Wed,979,星池,安慰奖,3109/2010,Wristwatch / 手表,Sports Toto 多多
2010-09-04,Sat,979,多多,安慰奖,3402/10,Repairing Bridge / 修桥,Magnum 4D 萬能
2010-09-04,Sat,979,多多,安慰奖,3402/10,WATCH,Damacai 大馬彩
2010-09-04,Sat,979,多多,安慰奖,3402/10,Wristwatch / 手表,Sports Toto 多多
2009-10-04,Sun,979,星池,特别奖,2916/2009,Repairing Bridge / 修桥,Magnum 4D 萬能
2009-10-04,Sun,979,星池,特别奖,2916/2009,WATCH,Damacai 大馬彩
2009-10-04,Sun,979,星池,特别奖,2916/2009,Wristwatch / 手表,Sports Toto 多多
2009-07-19,Sun,979,山打根馬會,特别奖,96/09,Repairing Bridge / 修桥,Magnum 4D 萬能
2009-07-19,Sun,979,山打根馬會,特别奖,96/09,WATCH,Damacai 大馬彩
2009-07-19,Sun,979,山打根馬會,特别奖,96/09,Wristwatch / 手表,Sports Toto 多多
2009-01-18,Sun,979,星池,安慰奖,2805/2009,Repairing Bridge / 修桥,Magnum 4D 萬能
2009-01-18,Sun,979,星池,安慰奖,2805/2009,WATCH,Damacai 大馬彩
2009-01-18,Sun,979,星池,安慰奖,2805/2009,Wristwatch / 手表,Sports Toto 多多
2008-12-14,Sun,979,山打根馬會,安慰奖,154/08,Repairing Bridge / 修桥,Magnum 4D 萬能
2008-12-14,Sun,979,山打根馬會,安慰奖,154/08,WATCH,Damacai 大馬彩
2008-12-14,Sun,979,山打根馬會,安慰奖,154/08,Wristwatch / 手表,Sports Toto 多多
2008-12-03,Wed,979,多多,特别奖,3095/08,Repairing Bridge / 修桥,Magnum 4D 萬能
2008-12-03,Wed,979,多多,特别奖,3095/08,WATCH,Damacai 大馬彩
2008-12-03,Wed,979,多多,特别奖,3095/08,Wristwatch / 手表,Sports Toto 多多
2008-10-05,Sun,979,萬能,安慰奖,289/08,Repairing Bridge / 修桥,Magnum 4D 萬能
2008-10-05,Sun,979,萬能,安慰奖,289/08,WATCH,Damacai 大馬彩
2008-10-05,Sun,979,萬能,安慰奖,289/08,Wristwatch / 手表,Sports Toto 多多
2008-09-21,Sun,979,砂大萬,安慰奖,2220/08,Repairing Bridge / 修桥,Magnum 4D 萬能
2008-09-21,Sun,979,砂大萬,安慰奖,2220/08,WATCH,Damacai 大馬彩
2008-09-21,Sun,979,砂大萬,安慰奖,2220/08,Wristwatch / 手表,Sports Toto 多多
2008-09-13,Sat,979,砂大萬,特别奖,2216/08,Repairing Bridge / 修桥,Magnum 4D 萬能
2008-09-13,Sat,979,砂大萬,特别奖,2216/08,WATCH,Damacai 大馬彩
2008-09-13,Sat,979,砂大萬,特别奖,2216/08,Wristwatch / 手表,Sports Toto 多多
2008-08-24,Sun,979,沙巴彩,二奖,1115/08,Repairing Bridge / 修桥,Magnum 4D 萬能
2008-08-24,Sun,979,沙巴彩,二奖,1115/08,WATCH,Damacai 大馬彩
2008-08-24,Sun,979,沙巴彩,二奖,1115/08,Wristwatch / 手表,Sports Toto 多多
2008-03-09,Sun,979,星池,安慰奖,2670/2008,Repairing Bridge / 修桥,Magnum 4D 萬能
2008-03-09,Sun,979,星池,安慰奖,2670/2008,WATCH,Damacai 大馬彩
2008-03-09,Sun,979,星池,安慰奖,2670/2008,Wristwatch / 手表,Sports Toto 多多
2007-06-09,Sat,979,沙巴彩,安慰奖,918/07,Repairing Bridge / 修桥,Magnum 4D 萬能
2007-06-09,Sat,979,沙巴彩,安慰奖,918/07,WATCH,Damacai 大馬彩
2007-06-09,Sat,979,沙巴彩,安慰奖,918/07,Wristwatch / 手表,Sports Toto 多多
2007-02-11,Sun,979,萬能,首奖,019/07,Repairing Bridge / 修桥,Magnum 4D 萬能
2007-02-11,Sun,979,萬能,首奖,019/07,WATCH,Damacai 大馬彩
2007-02-11,Sun,979,萬能,首奖,019/07,Wristwatch / 手表,Sports Toto 多多
2007-02-06,Tue,979,大馬彩,特别奖,2742/07,Repairing Bridge / 修桥,Magnum 4D 萬能
2007-02-06,Tue,979,大馬彩,特别奖,2742/07,WATCH,Damacai 大馬彩
2007-02-06,Tue,979,大馬彩,特别奖,2742/07,Wristwatch / 手表,Sports Toto 多多
2006-07-09,Sun,979,沙巴彩,安慰奖,765/06,Repairing Bridge / 修桥,Magnum 4D 萬能
2006-07-09,Sun,979,沙巴彩,安慰奖,765/06,WATCH,Damacai 大馬彩
2006-07-09,Sun,979,沙巴彩,安慰奖,765/06,Wristwatch / 手表,Sports Toto 多多
2006-03-11,Sat,979,山打根馬會,安慰奖,034/06,Repairing Bridge / 修桥,Magnum 4D 萬能
2006-03-11,Sat,979,山打根馬會,安慰奖,034/06,WATCH,Damacai 大馬彩
2006-03-11,Sat,979,山打根馬會,安慰奖,034/06,Wristwatch / 手表,Sports Toto 多多
2005-07-05,Tue,979,沙巴彩,安慰奖,590/05,Repairing Bridge / 修桥,Magnum 4D 萬能
2005-07-05,Tue,979,沙巴彩,安慰奖,590/05,WATCH,Damacai 大馬彩
2005-07-05,Tue,979,沙巴彩,安慰奖,590/05,Wristwatch / 手表,Sports Toto 多多
2005-03-13,Sun,979,多多,安慰奖,2472/05,Repairing Bridge / 修桥,Magnum 4D 萬能
2005-03-13,Sun,979,多多,安慰奖,2472/05,WATCH,Damacai 大馬彩
2005-03-13,Sun,979,多多,安慰奖,2472/05,Wristwatch / 手表,Sports Toto 多多
2004-11-14,Sun,979,砂大萬,特别奖,1573/04,Repairing Bridge / 修桥,Magnum 4D 萬能
2004-11-14,Sun,979,砂大萬,特别奖,1573/04,WATCH,Damacai 大馬彩
2004-11-14,Sun,979,砂大萬,特别奖,1573/04,Wristwatch / 手表,Sports Toto 多多
2004-11-06,Sat,979,多多,特别奖,2410/04,Repairing Bridge / 修桥,Magnum 4D 萬能
2004-11-06,Sat,979,多多,特别奖,2410/04,WATCH,Damacai 大馬彩
2004-11-06,Sat,979,多多,特别奖,2410/04,Wristwatch / 手表,Sports Toto 多多
2004-04-25,Sun,979,沙巴彩,首奖,391/04,Repairing Bridge / 修桥,Magnum 4D 萬能
2004-04-25,Sun,979,沙巴彩,首奖,391/04,WATCH,Damacai 大馬彩
2004-04-25,Sun,979,沙巴彩,首奖,391/04,Wristwatch / 手表,Sports Toto 多多
2003-10-29,Wed,979,星池,安慰奖,1987/2003,Repairing Bridge / 修桥,Magnum 4D 萬能
2003-10-29,Wed,979,星池,安慰奖,1987/2003,WATCH,Damacai 大馬彩
2003-10-29,Wed,979,星池,安慰奖,1987/2003,Wristwatch / 手表,Sports Toto 多多
2002-10-23,Wed,979,砂大萬,安慰奖,1235/02,Repairing Bridge / 修桥,Magnum 4D 萬能
2002-10-23,Wed,979,砂大萬,安慰奖,1235/02,WATCH,Damacai 大馬彩
2002-10-23,Wed,979,砂大萬,安慰奖,1235/02,Wristwatch / 手表,Sports Toto 多多
2002-08-11,Sun,979,大馬彩,安慰奖,1987/02,Repairing Bridge / 修桥,Magnum 4D 萬能
2002-08-11,Sun,979,大馬彩,安慰奖,1987/02,WATCH,Damacai 大馬彩
2002-08-11,Sun,979,大馬彩,安慰奖,1987/02,Wristwatch / 手表,Sports Toto 多多
2002-02-24,Sun,979,大馬彩,特别奖,1912/02,Repairing Bridge / 修桥,Magnum 4D 萬能
2002-02-24,Sun,979,大馬彩,特别奖,1912/02,WATCH,Damacai 大馬彩
2002-02-24,Sun,979,大馬彩,特别奖,1912/02,Wristwatch / 手表,Sports Toto 多多
2001-06-17,Sun,979,大馬彩,安慰奖,1800/01,Repairing Bridge / 修桥,Magnum 4D 萬能
2001-06-17,Sun,979,大馬彩,安慰奖,1800/01,WATCH,Damacai 大馬彩
2001-06-17,Sun,979,大馬彩,安慰奖,1800/01,Wristwatch / 手表,Sports Toto 多多
2001-04-04,Wed,979,山打根馬會,特别奖,42/2001,Repairing Bridge / 修桥,Magnum 4D 萬能
2001-04-04,Wed,979,山打根馬會,特别奖,42/2001,WATCH,Damacai 大馬彩
2001-04-04,Wed,979,山打根馬會,特别奖,42/2001,Wristwatch / 手表,Sports Toto 多多
2000-09-17,Sun,979,山打根馬會,安慰奖,115/2000,Repairing Bridge / 修桥,Magnum 4D 萬能
2000-09-17,Sun,979,山打根馬會,安慰奖,115/2000,WATCH,Damacai 大馬彩
2000-09-17,Sun,979,山打根馬會,安慰奖,115/2000,Wristwatch / 手表,Sports Toto 多多
1999-11-17,Wed,979,砂大萬,特别奖,0754/99,Repairing Bridge / 修桥,Magnum 4D 萬能
1999-11-17,Wed,979,砂大萬,特别奖,0754/99,WATCH,Damacai 大馬彩
1999-11-17,Wed,979,砂大萬,特别奖,0754/99,Wristwatch / 手表,Sports Toto 多多
1999-06-15,Tue,979,大馬彩,特别奖,1473/99,Repairing Bridge / 修桥,Magnum 4D 萬能
1999-06-15,Tue,979,大馬彩,特别奖,1473/99,WATCH,Damacai 大馬彩
1999-06-15,Tue,979,大馬彩,特别奖,1473/99,Wristwatch / 手表,Sports Toto 多多
1999-05-15,Sat,979,星池,二奖,D19990515,Repairing Bridge / 修桥,Magnum 4D 萬能
1999-05-15,Sat,979,星池,二奖,D19990515,WATCH,Damacai 大馬彩
1999-05-15,Sat,979,星池,二奖,D19990515,Wristwatch / 手表,Sports Toto 多多
1999-04-14,Wed,979,多多,安慰奖,1497/99,Repairing Bridge / 修桥,Magnum 4D 萬能
1999-04-14,Wed,979,多多,安慰奖,1497/99,WATCH,Damacai 大馬彩
1999-04-14,Wed,979,多多,安慰奖,1497/99,Wristwatch / 手表,Sports Toto 多多
1998-09-05,Sat,979,山打根馬會,安慰奖,107/1998,Repairing Bridge / 修桥,Magnum 4D 萬能
1998-09-05,Sat,979,山打根馬會,安慰奖,107/1998,WATCH,Damacai 大馬彩
1998-09-05,Sat,979,山打根馬會,安慰奖,107/1998,Wristwatch / 手表,Sports Toto 多多
1998-05-20,Wed,979,多多,特别奖,1353/98,Repairing Bridge / 修桥,Magnum 4D 萬能
1998-05-20,Wed,979,多多,特别奖,1353/98,WATCH,Damacai 大馬彩
1998-05-20,Wed,979,多多,特别奖,1353/98,Wristwatch / 手表,Sports Toto 多多
1997-12-27,Sat,979,砂大萬,特别奖,0449/97,Repairing Bridge / 修桥,Magnum 4D 萬能
1997-12-27,Sat,979,砂大萬,特别奖,0449/97,WATCH,Damacai 大馬彩
1997-12-27,Sat,979,砂大萬,特别奖,0449/97,Wristwatch / 手表,Sports Toto 多多
1997-09-06,Sat,979,多多,安慰奖,1243/97,Repairing Bridge / 修桥,Magnum 4D 萬能
1997-09-06,Sat,979,多多,安慰奖,1243/97,WATCH,Damacai 大馬彩
1997-09-06,Sat,979,多多,安慰奖,1243/97,Wristwatch / 手表,Sports Toto 多多
1997-07-30,Wed,979,多多,三奖,1227/97,Repairing Bridge / 修桥,Magnum 4D 萬能
1997-07-30,Wed,979,多多,三奖,1227/97,WATCH,Damacai 大馬彩
1997-07-30,Wed,979,多多,三奖,1227/97,Wristwatch / 手表,Sports Toto 多多
1996-10-06,Sun,979,大馬彩,特别奖,1047/96,Repairing Bridge / 修桥,Magnum 4D 萬能
1996-10-06,Sun,979,大馬彩,特别奖,1047/96,WATCH,Damacai 大馬彩
1996-10-06,Sun,979,大馬彩,特别奖,1047/96,Wristwatch / 手表,Sports Toto 多多
1995-10-15,Sun,979,萬能,特别奖,124/95,Repairing Bridge / 修桥,Magnum 4D 萬能
1995-10-15,Sun,979,萬能,特别奖,124/95,WATCH,Damacai 大馬彩
1995-10-15,Sun,979,萬能,特别奖,124/95,Wristwatch / 手表,Sports Toto 多多
1995-04-09,Sun,979,大馬彩,安慰奖,0813/95,Repairing Bridge / 修桥,Magnum 4D 萬能
1995-04-09,Sun,979,大馬彩,安慰奖,0813/95,WATCH,Damacai 大馬彩
1995-04-09,Sun,979,大馬彩,安慰奖,0813/95,Wristwatch / 手表,Sports Toto 多多
1995-03-12,Sun,979,多多,安慰奖,854/95,Repairing Bridge / 修桥,Magnum 4D 萬能
1995-03-12,Sun,979,多多,安慰奖,854/95,WATCH,Damacai 大馬彩
1995-03-12,Sun,979,多多,安慰奖,854/95,Wristwatch / 手表,Sports Toto 多多
1991-02-02,Sat,979,萬能,特别奖,014/91,Repairing Bridge / 修桥,Magnum 4D 萬能
1991-02-02,Sat,979,萬能,特别奖,014/91,WATCH,Damacai 大馬彩
1991-02-02,Sat,979,萬能,特别奖,014/91,Wristwatch / 手表,Sports Toto 多多
1989-06-24,Sat,979,萬能,特别奖,075/89,Repairing Bridge / 修桥,Magnum 4D 萬能
1989-06-24,Sat,979,萬能,特别奖,075/89,WATCH,Damacai 大馬彩
1989-06-24,Sat,979,萬能,特别奖,075/89,Wristwatch / 手表,Sports Toto 多多
1987-11-21,Sat,979,萬能,特别奖,140/87,Repairing Bridge / 修桥,Magnum 4D 萬能
1987-11-21,Sat,979,萬能,特别奖,140/87,WATCH,Damacai 大馬彩
1987-11-21,Sat,979,萬能,特别奖,140/87,Wristwatch / 手表,Sports Toto 多多
1987-05-23,Sat,979,萬能,安慰奖,062/87,Repairing Bridge / 修桥,Magnum 4D 萬能
1987-05-23,Sat,979,萬能,安慰奖,062/87,WATCH,Damacai 大馬彩
1987-05-23,Sat,979,萬能,安慰奖,062/87,Wristwatch / 手表,Sports Toto 多多
