彩号,彩金,抽奖,开彩日期,开彩日,秦庄,图译,秦典
5763,Consolation,3837/24,2024-03-06,Wed,沙巴彩,Cheque Bounced / 支票驳仄,Magnum 4D 萬能
5763,Consolation,3837/24,2024-03-06,Wed,沙巴彩,BOUNCED CHEQUE,Damacai 大馬彩
5763,Consolation,3837/24,2024-03-06,Wed,沙巴彩,Cheque been returned / 仄被退回,Sports Toto 多多
5763,Consolation,5135,2024-02-24,Sat,星池,Cheque Bounced / 支票驳仄,Magnum 4D 萬能
5763,Consolation,5135,2024-02-24,Sat,星池,BOUNCED CHEQUE,Damacai 大馬彩
5763,Consolation,5135,2024-02-24,Sat,星池,Cheque been returned / 仄被退回,Sports Toto 多多
5763,Consolation,5724/23,2023-11-26,Sun,多多,Cheque Bounced / 支票驳仄,Magnum 4D 萬能
5763,Consolation,5724/23,2023-11-26,Sun,多多,BOUNCED CHEQUE,Damacai 大馬彩
5763,Consolation,5724/23,2023-11-26,Sun,多多,Cheque been returned / 仄被退回,Sports Toto 多多
5763,Special,4822/23,2023-07-12,Wed,砂大萬,Cheque Bounced / 支票驳仄,Magnum 4D 萬能
5763,Special,4822/23,2023-07-12,Wed,砂大萬,BOUNCED CHEQUE,Damacai 大馬彩
5763,Special,4822/23,2023-07-12,Wed,砂大萬,Cheque been returned / 仄被退回,Sports Toto 多多
5763,Consolation,083/23,2023-07-02,Sun,山打根馬會,Cheque Bounced / 支票驳仄,Magnum 4D 萬能
5763,Consolation,083/23,2023-07-02,Sun,山打根馬會,BOUNCED CHEQUE,Damacai 大馬彩
5763,Consolation,083/23,2023-07-02,Sun,山打根馬會,Cheque been returned / 仄被退回,Sports Toto 多多
5763,Consolation,5576/23,2023-04-29,Sat,大馬彩,Cheque Bounced / 支票驳仄,Magnum 4D 萬能
5763,Consolation,5576/23,2023-04-29,Sat,大馬彩,BOUNCED CHEQUE,Damacai 大馬彩
5763,Consolation,5576/23,2023-04-29,Sat,大馬彩,Cheque been returned / 仄被退回,Sports Toto 多多
5763,Consolation,5324/21,2021-11-21,Sun,大馬彩,Cheque Bounced / 支票驳仄,Magnum 4D 萬能
5763,Consolation,5324/21,2021-11-21,Sun,大馬彩,BOUNCED CHEQUE,Damacai 大馬彩
5763,Consolation,5324/21,2021-11-21,Sun,大馬彩,Cheque been returned / 仄被退回,Sports Toto 多多
5763,1ST,515/21,2021-05-05,Wed,萬能,Cheque Bounced / 支票驳仄,Magnum 4D 萬能
5763,1ST,515/21,2021-05-05,Wed,萬能,BOUNCED CHEQUE,Damacai 大馬彩
5763,1ST,515/21,2021-05-05,Wed,萬能,Cheque been returned / 仄被退回,Sports Toto 多多
5763,Special,3280/20,2020-12-20,Sun,沙巴彩,Cheque Bounced / 支票驳仄,Magnum 4D 萬能
5763,Special,3280/20,2020-12-20,Sun,沙巴彩,BOUNCED CHEQUE,Damacai 大馬彩
5763,Special,3280/20,2020-12-20,Sun,沙巴彩,Cheque been returned / 仄被退回,Sports Toto 多多
5763,Special,5199/20,2020-11-18,Wed,多多,Cheque Bounced / 支票驳仄,Magnum 4D 萬能
5763,Special,5199/20,2020-11-18,Wed,多多,BOUNCED CHEQUE,Damacai 大馬彩
5763,Special,5199/20,2020-11-18,Wed,多多,Cheque been returned / 仄被退回,Sports Toto 多多
5763,Special,369/20,2020-06-27,Sat,萬能,Cheque Bounced / 支票驳仄,Magnum 4D 萬能
5763,Special,369/20,2020-06-27,Sat,萬能,BOUNCED CHEQUE,Damacai 大馬彩
5763,Special,369/20,2020-06-27,Sat,萬能,Cheque been returned / 仄被退回,Sports Toto 多多
5763,Special,4520,2020-01-04,Sat,星池,Cheque Bounced / 支票驳仄,Magnum 4D 萬能
5763,Special,4520,2020-01-04,Sat,星池,BOUNCED CHEQUE,Damacai 大馬彩
5763,Special,4520,2020-01-04,Sat,星池,Cheque been returned / 仄被退回,Sports Toto 多多
5763,Consolation,4897/19,2019-05-22,Wed,大馬彩,Cheque Bounced / 支票驳仄,Magnum 4D 萬能
5763,Consolation,4897/19,2019-05-22,Wed,大馬彩,BOUNCED CHEQUE,Damacai 大馬彩
5763,Consolation,4897/19,2019-05-22,Wed,大馬彩,Cheque been returned / 仄被退回,Sports Toto 多多
5763,Special,4862/18,2018-11-14,Wed,多多,Cheque Bounced / 支票驳仄,Magnum 4D 萬能
5763,Special,4862/18,2018-11-14,Wed,多多,BOUNCED CHEQUE,Damacai 大馬彩
5763,Special,4862/18,2018-11-14,Wed,多多,Cheque been returned / 仄被退回,Sports Toto 多多
5763,Special,3961/18,2018-07-15,Sun,砂大萬,Cheque Bounced / 支票驳仄,Magnum 4D 萬能
5763,Special,3961/18,2018-07-15,Sun,砂大萬,BOUNCED CHEQUE,Damacai 大馬彩
5763,Special,3961/18,2018-07-15,Sun,砂大萬,Cheque been returned / 仄被退回,Sports Toto 多多
5763,Consolation,2863/18,2018-07-04,Wed,沙巴彩,Cheque Bounced / 支票驳仄,Magnum 4D 萬能
5763,Consolation,2863/18,2018-07-04,Wed,沙巴彩,BOUNCED CHEQUE,Damacai 大馬彩
5763,Consolation,2863/18,2018-07-04,Wed,沙巴彩,Cheque been returned / 仄被退回,Sports Toto 多多
5763,2ND,3918/18,2018-04-14,Sat,砂大萬,Cheque Bounced / 支票驳仄,Magnum 4D 萬能
5763,2ND,3918/18,2018-04-14,Sat,砂大萬,BOUNCED CHEQUE,Damacai 大馬彩
5763,2ND,3918/18,2018-04-14,Sat,砂大萬,Cheque been returned / 仄被退回,Sports Toto 多多
5763,Consolation,4237,2018-03-14,Wed,星池,Cheque Bounced / 支票驳仄,Magnum 4D 萬能
5763,Consolation,4237,2018-03-14,Wed,星池,BOUNCED CHEQUE,Damacai 大馬彩
5763,Consolation,4237,2018-03-14,Wed,星池,Cheque been returned / 仄被退回,Sports Toto 多多
5763,Special,4472/16,2016-09-07,Wed,多多,Cheque Bounced / 支票驳仄,Magnum 4D 萬能
5763,Special,4472/16,2016-09-07,Wed,多多,BOUNCED CHEQUE,Damacai 大馬彩
5763,Special,4472/16,2016-09-07,Wed,多多,Cheque been returned / 仄被退回,Sports Toto 多多
5763,Consolation,4288/15,2015-12-13,Sun,大馬彩,Cheque Bounced / 支票驳仄,Magnum 4D 萬能
5763,Consolation,4288/15,2015-12-13,Sun,大馬彩,BOUNCED CHEQUE,Damacai 大馬彩
5763,Consolation,4288/15,2015-12-13,Sun,大馬彩,Cheque been returned / 仄被退回,Sports Toto 多多
5763,Special,80/15,2015-06-06,Sat,山打根馬會,Cheque Bounced / 支票驳仄,Magnum 4D 萬能
5763,Special,80/15,2015-06-06,Sat,山打根馬會,BOUNCED CHEQUE,Damacai 大馬彩
5763,Special,80/15,2015-06-06,Sat,山打根馬會,Cheque been returned / 仄被退回,Sports Toto 多多
5763,1ST,211/13,2013-12-22,Sun,萬能,Cheque Bounced / 支票驳仄,Magnum 4D 萬能
5763,1ST,211/13,2013-12-22,Sun,萬能,BOUNCED CHEQUE,Damacai 大馬彩
5763,1ST,211/13,2013-12-22,Sun,萬能,Cheque been returned / 仄被退回,Sports Toto 多多
5763,Special,1946/13,2013-05-11,Sat,沙巴彩,Cheque Bounced / 支票驳仄,Magnum 4D 萬能
5763,Special,1946/13,2013-05-11,Sat,沙巴彩,BOUNCED CHEQUE,Damacai 大馬彩
5763,Special,1946/13,2013-05-11,Sat,沙巴彩,Cheque been returned / 仄被退回,Sports Toto 多多
5763,Special,018/12,2012-11-24,Sat,萬能,Cheque Bounced / 支票驳仄,Magnum 4D 萬能
5763,Special,018/12,2012-11-24,Sat,萬能,BOUNCED CHEQUE,Damacai 大馬彩
5763,Special,018/12,2012-11-24,Sat,萬能,Cheque been returned / 仄被退回,Sports Toto 多多
5763,Consolation,159/12,2012-11-21,Wed,山打根馬會,Cheque Bounced / 支票驳仄,Magnum 4D 萬能
5763,Consolation,159/12,2012-11-21,Wed,山打根馬會,BOUNCED CHEQUE,Damacai 大馬彩
5763,Consolation,159/12,2012-11-21,Wed,山打根馬會,Cheque been returned / 仄被退回,Sports Toto 多多
5763,Consolation,3357/2012,2012-07-29,Sun,星池,Cheque Bounced / 支票驳仄,Magnum 4D 萬能
5763,Consolation,3357/2012,2012-07-29,Sun,星池,BOUNCED CHEQUE,Damacai 大馬彩
5763,Consolation,3357/2012,2012-07-29,Sun,星池,Cheque been returned / 仄被退回,Sports Toto 多多
5763,Special,3627/12,2012-03-31,Sat,大馬彩,Cheque Bounced / 支票驳仄,Magnum 4D 萬能
5763,Special,3627/12,2012-03-31,Sat,大馬彩,BOUNCED CHEQUE,Damacai 大馬彩
5763,Special,3627/12,2012-03-31,Sat,大馬彩,Cheque been returned / 仄被退回,Sports Toto 多多
5763,Consolation,91/11,2011-07-03,Sun,山打根馬會,Cheque Bounced / 支票驳仄,Magnum 4D 萬能
5763,Consolation,91/11,2011-07-03,Sun,山打根馬會,BOUNCED CHEQUE,Damacai 大馬彩
5763,Consolation,91/11,2011-07-03,Sun,山打根馬會,Cheque been returned / 仄被退回,Sports Toto 多多
5763,Consolation,3462/11,2011-01-08,Sat,多多,Cheque Bounced / 支票驳仄,Magnum 4D 萬能
5763,Consolation,3462/11,2011-01-08,Sat,多多,BOUNCED CHEQUE,Damacai 大馬彩
5763,Consolation,3462/11,2011-01-08,Sat,多多,Cheque been returned / 仄被退回,Sports Toto 多多
5763,Consolation,650/10,2010-10-27,Wed,萬能,Cheque Bounced / 支票驳仄,Magnum 4D 萬能
5763,Consolation,650/10,2010-10-27,Wed,萬能,BOUNCED CHEQUE,Damacai 大馬彩
5763,Consolation,650/10,2010-10-27,Wed,萬能,Cheque been returned / 仄被退回,Sports Toto 多多
5763,Consolation,119/10,2010-09-01,Wed,山打根馬會,Cheque Bounced / 支票驳仄,Magnum 4D 萬能
5763,Consolation,119/10,2010-09-01,Wed,山打根馬會,BOUNCED CHEQUE,Damacai 大馬彩
5763,Consolation,119/10,2010-09-01,Wed,山打根馬會,Cheque been returned / 仄被退回,Sports Toto 多多
5763,1ST,3243/09,2009-10-13,Tue,多多,Cheque Bounced / 支票驳仄,Magnum 4D 萬能
5763,1ST,3243/09,2009-10-13,Tue,多多,BOUNCED CHEQUE,Damacai 大馬彩
5763,1ST,3243/09,2009-10-13,Tue,多多,Cheque been returned / 仄被退回,Sports Toto 多多
5763,Consolation,2903/2009,2009-09-05,Sat,星池,Cheque Bounced / 支票驳仄,Magnum 4D 萬能
5763,Consolation,2903/2009,2009-09-05,Sat,星池,BOUNCED CHEQUE,Damacai 大馬彩
5763,Consolation,2903/2009,2009-09-05,Sat,星池,Cheque been returned / 仄被退回,Sports Toto 多多
5763,Consolation,2855/2009,2009-05-16,Sat,星池,Cheque Bounced / 支票驳仄,Magnum 4D 萬能
5763,Consolation,2855/2009,2009-05-16,Sat,星池,BOUNCED CHEQUE,Damacai 大馬彩
5763,Consolation,2855/2009,2009-05-16,Sat,星池,Cheque been returned / 仄被退回,Sports Toto 多多
5763,Consolation,036/09,2009-03-15,Sun,山打根馬會,Cheque Bounced / 支票驳仄,Magnum 4D 萬能
5763,Consolation,036/09,2009-03-15,Sun,山打根馬會,BOUNCED CHEQUE,Damacai 大馬彩
5763,Consolation,036/09,2009-03-15,Sun,山打根馬會,Cheque been returned / 仄被退回,Sports Toto 多多
5763,Consolation,2672/2008,2008-03-15,Sat,星池,Cheque Bounced / 支票驳仄,Magnum 4D 萬能
5763,Consolation,2672/2008,2008-03-15,Sat,星池,BOUNCED CHEQUE,Damacai 大馬彩
5763,Consolation,2672/2008,2008-03-15,Sat,星池,Cheque been returned / 仄被退回,Sports Toto 多多
5763,Consolation,2099/07,2007-12-16,Sun,砂大萬,Cheque Bounced / 支票驳仄,Magnum 4D 萬能
5763,Consolation,2099/07,2007-12-16,Sun,砂大萬,BOUNCED CHEQUE,Damacai 大馬彩
5763,Consolation,2099/07,2007-12-16,Sun,砂大萬,Cheque been returned / 仄被退回,Sports Toto 多多
5763,Special,127/07,2007-10-06,Sat,山打根馬會,Cheque Bounced / 支票驳仄,Magnum 4D 萬能
5763,Special,127/07,2007-10-06,Sat,山打根馬會,BOUNCED CHEQUE,Damacai 大馬彩
5763,Special,127/07,2007-10-06,Sat,山打根馬會,Cheque been returned / 仄被退回,Sports Toto 多多
5763,Special,146/06,2006-12-06,Wed,萬能,Cheque Bounced / 支票驳仄,Magnum 4D 萬能
5763,Special,146/06,2006-12-06,Wed,萬能,BOUNCED CHEQUE,Damacai 大馬彩
5763,Special,146/06,2006-12-06,Wed,萬能,Cheque been returned / 仄被退回,Sports Toto 多多
5763,Consolation,2454/2006,2006-10-22,Sun,星池,Cheque Bounced / 支票驳仄,Magnum 4D 萬能
5763,Consolation,2454/2006,2006-10-22,Sun,星池,BOUNCED CHEQUE,Damacai 大馬彩
5763,Consolation,2454/2006,2006-10-22,Sun,星池,Cheque been returned / 仄被退回,Sports Toto 多多
5763,2ND,2271/2005,2005-08-21,Sun,星池,Cheque Bounced / 支票驳仄,Magnum 4D 萬能
5763,2ND,2271/2005,2005-08-21,Sun,星池,BOUNCED CHEQUE,Damacai 大馬彩
5763,2ND,2271/2005,2005-08-21,Sun,星池,Cheque been returned / 仄被退回,Sports Toto 多多
5763,Special,38/05,2005-03-12,Sat,山打根馬會,Cheque Bounced / 支票驳仄,Magnum 4D 萬能
5763,Special,38/05,2005-03-12,Sat,山打根馬會,BOUNCED CHEQUE,Damacai 大馬彩
5763,Special,38/05,2005-03-12,Sat,山打根馬會,Cheque been returned / 仄被退回,Sports Toto 多多
5763,Special,2435/05,2005-01-01,Sat,多多,Cheque Bounced / 支票驳仄,Magnum 4D 萬能
5763,Special,2435/05,2005-01-01,Sat,多多,BOUNCED CHEQUE,Damacai 大馬彩
5763,Special,2435/05,2005-01-01,Sat,多多,Cheque been returned / 仄被退回,Sports Toto 多多
5763,Special,2360/04,2004-11-13,Sat,大馬彩,Cheque Bounced / 支票驳仄,Magnum 4D 萬能
5763,Special,2360/04,2004-11-13,Sat,大馬彩,BOUNCED CHEQUE,Damacai 大馬彩
5763,Special,2360/04,2004-11-13,Sat,大馬彩,Cheque been returned / 仄被退回,Sports Toto 多多
5763,Consolation,463/04,2004-10-05,Tue,沙巴彩,Cheque Bounced / 支票驳仄,Magnum 4D 萬能
5763,Consolation,463/04,2004-10-05,Tue,沙巴彩,BOUNCED CHEQUE,Damacai 大馬彩
5763,Consolation,463/04,2004-10-05,Tue,沙巴彩,Cheque been returned / 仄被退回,Sports Toto 多多
5763,Special,2174/03,2003-09-30,Tue,大馬彩,Cheque Bounced / 支票驳仄,Magnum 4D 萬能
5763,Special,2174/03,2003-09-30,Tue,大馬彩,BOUNCED CHEQUE,Damacai 大馬彩
5763,Special,2174/03,2003-09-30,Tue,大馬彩,Cheque been returned / 仄被退回,Sports Toto 多多
5763,Special,104/03,2003-08-30,Sat,萬能,Cheque Bounced / 支票驳仄,Magnum 4D 萬能
5763,Special,104/03,2003-08-30,Sat,萬能,BOUNCED CHEQUE,Damacai 大馬彩
5763,Special,104/03,2003-08-30,Sat,萬能,Cheque been returned / 仄被退回,Sports Toto 多多
5763,Special,1347/03,2003-06-28,Sat,砂大萬,Cheque Bounced / 支票驳仄,Magnum 4D 萬能
5763,Special,1347/03,2003-06-28,Sat,砂大萬,BOUNCED CHEQUE,Damacai 大馬彩
5763,Special,1347/03,2003-06-28,Sat,砂大萬,Cheque been returned / 仄被退回,Sports Toto 多多
5763,Special,1305/03,2003-03-29,Sat,砂大萬,Cheque Bounced / 支票驳仄,Magnum 4D 萬能
5763,Special,1305/03,2003-03-29,Sat,砂大萬,BOUNCED CHEQUE,Damacai 大馬彩
5763,Special,1305/03,2003-03-29,Sat,砂大萬,Cheque been returned / 仄被退回,Sports Toto 多多
5763,2ND,1995/02,2002-08-31,Sat,大馬彩,Cheque Bounced / 支票驳仄,Magnum 4D 萬能
5763,2ND,1995/02,2002-08-31,Sat,大馬彩,BOUNCED CHEQUE,Damacai 大馬彩
5763,2ND,1995/02,2002-08-31,Sat,大馬彩,Cheque been returned / 仄被退回,Sports Toto 多多
5763,Special,2038/02,2002-08-06,Tue,多多,Cheque Bounced / 支票驳仄,Magnum 4D 萬能
5763,Special,2038/02,2002-08-06,Tue,多多,BOUNCED CHEQUE,Damacai 大馬彩
5763,Special,2038/02,2002-08-06,Tue,多多,Cheque been returned / 仄被退回,Sports Toto 多多
5763,Special,025/02,2002-02-08,Fri,沙巴彩,Cheque Bounced / 支票驳仄,Magnum 4D 萬能
5763,Special,025/02,2002-02-08,Fri,沙巴彩,BOUNCED CHEQUE,Damacai 大馬彩
5763,Special,025/02,2002-02-08,Fri,沙巴彩,Cheque been returned / 仄被退回,Sports Toto 多多
5763,Special,1097/01,2001-12-22,Sat,砂大萬,Cheque Bounced / 支票驳仄,Magnum 4D 萬能
5763,Special,1097/01,2001-12-22,Sat,砂大萬,BOUNCED CHEQUE,Damacai 大馬彩
5763,Special,1097/01,2001-12-22,Sat,砂大萬,Cheque been returned / 仄被退回,Sports Toto 多多
5763,Consolation,0905/00,2000-10-22,Sun,砂大萬,Cheque Bounced / 支票驳仄,Magnum 4D 萬能
5763,Consolation,0905/00,2000-10-22,Sun,砂大萬,BOUNCED CHEQUE,Damacai 大馬彩
5763,Consolation,0905/00,2000-10-22,Sun,砂大萬,Cheque been returned / 仄被退回,Sports Toto 多多
5763,Consolation,1450/2000,2000-04-16,Sun,星池,Cheque Bounced / 支票驳仄,Magnum 4D 萬能
5763,Consolation,1450/2000,2000-04-16,Sun,星池,BOUNCED CHEQUE,Damacai 大馬彩
5763,Consolation,1450/2000,2000-04-16,Sun,星池,Cheque been returned / 仄被退回,Sports Toto 多多
5763,Special,1524/99,1999-10-03,Sun,大馬彩,Cheque Bounced / 支票驳仄,Magnum 4D 萬能
5763,Special,1524/99,1999-10-03,Sun,大馬彩,BOUNCED CHEQUE,Damacai 大馬彩
5763,Special,1524/99,1999-10-03,Sun,大馬彩,Cheque been returned / 仄被退回,Sports Toto 多多
5763,1ST,1524/99,1999-06-12,Sat,多多,Cheque Bounced / 支票驳仄,Magnum 4D 萬能
5763,1ST,1524/99,1999-06-12,Sat,多多,BOUNCED CHEQUE,Damacai 大馬彩
5763,1ST,1524/99,1999-06-12,Sat,多多,Cheque been returned / 仄被退回,Sports Toto 多多
5763,Special,1358/98,1998-10-03,Sat,大馬彩,Cheque Bounced / 支票驳仄,Magnum 4D 萬能
5763,Special,1358/98,1998-10-03,Sat,大馬彩,BOUNCED CHEQUE,Damacai 大馬彩
5763,Special,1358/98,1998-10-03,Sat,大馬彩,Cheque been returned / 仄被退回,Sports Toto 多多
5763,Consolation,D19980920,1998-09-20,Sun,星池,Cheque Bounced / 支票驳仄,Magnum 4D 萬能
5763,Consolation,D19980920,1998-09-20,Sun,星池,BOUNCED CHEQUE,Damacai 大馬彩
5763,Consolation,D19980920,1998-09-20,Sun,星池,Cheque been returned / 仄被退回,Sports Toto 多多
5763,2ND,1298/98,1998-05-16,Sat,大馬彩,Cheque Bounced / 支票驳仄,Magnum 4D 萬能
5763,2ND,1298/98,1998-05-16,Sat,大馬彩,BOUNCED CHEQUE,Damacai 大馬彩
5763,2ND,1298/98,1998-05-16,Sat,大馬彩,Cheque been returned / 仄被退回,Sports Toto 多多
5763,Consolation,54/1998,1998-05-06,Wed,山打根馬會,Cheque Bounced / 支票驳仄,Magnum 4D 萬能
5763,Consolation,54/1998,1998-05-06,Wed,山打根馬會,BOUNCED CHEQUE,Damacai 大馬彩
5763,Consolation,54/1998,1998-05-06,Wed,山打根馬會,Cheque been returned / 仄被退回,Sports Toto 多多
5763,Special,1322/98,1998-03-08,Sun,多多,Cheque Bounced / 支票驳仄,Magnum 4D 萬能
5763,Special,1322/98,1998-03-08,Sun,多多,BOUNCED CHEQUE,Damacai 大馬彩
5763,Special,1322/98,1998-03-08,Sun,多多,Cheque been returned / 仄被退回,Sports Toto 多多
5763,Special,022/98,1998-02-21,Sat,萬能,Cheque Bounced / 支票驳仄,Magnum 4D 萬能
5763,Special,022/98,1998-02-21,Sat,萬能,BOUNCED CHEQUE,Damacai 大馬彩
5763,Special,022/98,1998-02-21,Sat,萬能,Cheque been returned / 仄被退回,Sports Toto 多多
5763,Consolation,0467/98,1998-02-07,Sat,砂大萬,Cheque Bounced / 支票驳仄,Magnum 4D 萬能
5763,Consolation,0467/98,1998-02-07,Sat,砂大萬,BOUNCED CHEQUE,Damacai 大馬彩
5763,Consolation,0467/98,1998-02-07,Sat,砂大萬,Cheque been returned / 仄被退回,Sports Toto 多多
5763,Special,D19970302,1997-03-02,Sun,星池,Cheque Bounced / 支票驳仄,Magnum 4D 萬能
5763,Special,D19970302,1997-03-02,Sun,星池,BOUNCED CHEQUE,Damacai 大馬彩
5763,Special,D19970302,1997-03-02,Sun,星池,Cheque been returned / 仄被退回,Sports Toto 多多
5763,Special,1107/96,1996-10-23,Wed,多多,Cheque Bounced / 支票驳仄,Magnum 4D 萬能
5763,Special,1107/96,1996-10-23,Wed,多多,BOUNCED CHEQUE,Damacai 大馬彩
5763,Special,1107/96,1996-10-23,Wed,多多,Cheque been returned / 仄被退回,Sports Toto 多多
5763,Consolation,D19960407,1996-04-07,Sun,星池,Cheque Bounced / 支票驳仄,Magnum 4D 萬能
5763,Consolation,D19960407,1996-04-07,Sun,星池,BOUNCED CHEQUE,Damacai 大馬彩
5763,Consolation,D19960407,1996-04-07,Sun,星池,Cheque been returned / 仄被退回,Sports Toto 多多
5763,Special,090/93,1993-07-29,Thu,萬能,Cheque Bounced / 支票驳仄,Magnum 4D 萬能
5763,Special,090/93,1993-07-29,Thu,萬能,BOUNCED CHEQUE,Damacai 大馬彩
5763,Special,090/93,1993-07-29,Thu,萬能,Cheque been returned / 仄被退回,Sports Toto 多多
5763,Special,541/93,1993-03-14,Sun,多多,Cheque Bounced / 支票驳仄,Magnum 4D 萬能
5763,Special,541/93,1993-03-14,Sun,多多,BOUNCED CHEQUE,Damacai 大馬彩
5763,Special,541/93,1993-03-14,Sun,多多,Cheque been returned / 仄被退回,Sports Toto 多多
5763,Special,0479/93,1993-02-20,Sat,大馬彩,Cheque Bounced / 支票驳仄,Magnum 4D 萬能
5763,Special,0479/93,1993-02-20,Sat,大馬彩,BOUNCED CHEQUE,Damacai 大馬彩
5763,Special,0479/93,1993-02-20,Sat,大馬彩,Cheque been returned / 仄被退回,Sports Toto 多多
5763,Special,087/89,1989-07-22,Sat,萬能,Cheque Bounced / 支票驳仄,Magnum 4D 萬能
5763,Special,087/89,1989-07-22,Sat,萬能,BOUNCED CHEQUE,Damacai 大馬彩
5763,Special,087/89,1989-07-22,Sat,萬能,Cheque been returned / 仄被退回,Sports Toto 多多
