彩号,彩金,抽奖,开彩日期,开彩日,秦庄,图译,秦典
422,1ST,5012/24,2024-09-07,Sat,砂大萬,Play Snooker / 玩桌球,Magnum 4D 萬能
422,1ST,5012/24,2024-09-07,Sat,砂大萬,SNOOKER PLAYERS,Damacai 大馬彩
422,1ST,5012/24,2024-09-07,Sat,砂大萬,Play billiards / 打桌球,Sports Toto 多多
422,Special,3886/24,2024-06-25,Tue,沙巴彩,Play Snooker / 玩桌球,Magnum 4D 萬能
422,Special,3886/24,2024-06-25,Tue,沙巴彩,SNOOKER PLAYERS,Damacai 大馬彩
422,Special,3886/24,2024-06-25,Tue,沙巴彩,Play billiards / 打桌球,Sports Toto 多多
422,Special,5180,2024-06-08,Sat,星池,Play Snooker / 玩桌球,Magnum 4D 萬能
422,Special,5180,2024-06-08,Sat,星池,SNOOKER PLAYERS,Damacai 大馬彩
422,Special,5180,2024-06-08,Sat,星池,Play billiards / 打桌球,Sports Toto 多多
422,Consolation,5747/24,2024-05-12,Sun,大馬彩,Play Snooker / 玩桌球,Magnum 4D 萬能
422,Consolation,5747/24,2024-05-12,Sun,大馬彩,SNOOKER PLAYERS,Damacai 大馬彩
422,Consolation,5747/24,2024-05-12,Sun,大馬彩,Play billiards / 打桌球,Sports Toto 多多
422,Consolation,3745/23,2023-08-19,Sat,沙巴彩,Play Snooker / 玩桌球,Magnum 4D 萬能
422,Consolation,3745/23,2023-08-19,Sat,沙巴彩,SNOOKER PLAYERS,Damacai 大馬彩
422,Consolation,3745/23,2023-08-19,Sat,沙巴彩,Play billiards / 打桌球,Sports Toto 多多
422,3RD,4664/22,2022-08-14,Sun,砂大萬,Play Snooker / 玩桌球,Magnum 4D 萬能
422,3RD,4664/22,2022-08-14,Sun,砂大萬,SNOOKER PLAYERS,Damacai 大馬彩
422,3RD,4664/22,2022-08-14,Sun,砂大萬,Play billiards / 打桌球,Sports Toto 多多
422,Consolation,5413/22,2022-05-31,Tue,大馬彩,Play Snooker / 玩桌球,Magnum 4D 萬能
422,Consolation,5413/22,2022-05-31,Tue,大馬彩,SNOOKER PLAYERS,Damacai 大馬彩
422,Consolation,5413/22,2022-05-31,Tue,大馬彩,Play billiards / 打桌球,Sports Toto 多多
422,Special,5445/22,2022-04-13,Wed,多多,Play Snooker / 玩桌球,Magnum 4D 萬能
422,Special,5445/22,2022-04-13,Wed,多多,SNOOKER PLAYERS,Damacai 大馬彩
422,Special,5445/22,2022-04-13,Wed,多多,Play billiards / 打桌球,Sports Toto 多多
422,Consolation,3498/22,2022-03-16,Wed,沙巴彩,Play Snooker / 玩桌球,Magnum 4D 萬能
422,Consolation,3498/22,2022-03-16,Wed,沙巴彩,SNOOKER PLAYERS,Damacai 大馬彩
422,Consolation,3498/22,2022-03-16,Wed,沙巴彩,Play billiards / 打桌球,Sports Toto 多多
422,Consolation,4552/21,2021-12-25,Sat,砂大萬,Play Snooker / 玩桌球,Magnum 4D 萬能
422,Consolation,4552/21,2021-12-25,Sat,砂大萬,SNOOKER PLAYERS,Damacai 大馬彩
422,Consolation,4552/21,2021-12-25,Sat,砂大萬,Play billiards / 打桌球,Sports Toto 多多
422,Special,4752,2021-09-12,Sun,星池,Play Snooker / 玩桌球,Magnum 4D 萬能
422,Special,4752,2021-09-12,Sun,星池,SNOOKER PLAYERS,Damacai 大馬彩
422,Special,4752,2021-09-12,Sun,星池,Play billiards / 打桌球,Sports Toto 多多
422,Special,5207/21,2021-03-27,Sat,大馬彩,Play Snooker / 玩桌球,Magnum 4D 萬能
422,Special,5207/21,2021-03-27,Sat,大馬彩,SNOOKER PLAYERS,Damacai 大馬彩
422,Special,5207/21,2021-03-27,Sat,大馬彩,Play billiards / 打桌球,Sports Toto 多多
422,Special,485/21,2021-03-02,Tue,萬能,Play Snooker / 玩桌球,Magnum 4D 萬能
422,Special,485/21,2021-03-02,Tue,萬能,SNOOKER PLAYERS,Damacai 大馬彩
422,Special,485/21,2021-03-02,Tue,萬能,Play billiards / 打桌球,Sports Toto 多多
422,Consolation,399/20,2020-09-01,Tue,萬能,Play Snooker / 玩桌球,Magnum 4D 萬能
422,Consolation,399/20,2020-09-01,Tue,萬能,SNOOKER PLAYERS,Damacai 大馬彩
422,Consolation,399/20,2020-09-01,Tue,萬能,Play billiards / 打桌球,Sports Toto 多多
422,Consolation,5072/20,2020-02-08,Sat,多多,Play Snooker / 玩桌球,Magnum 4D 萬能
422,Consolation,5072/20,2020-02-08,Sat,多多,SNOOKER PLAYERS,Damacai 大馬彩
422,Consolation,5072/20,2020-02-08,Sat,多多,Play billiards / 打桌球,Sports Toto 多多
422,Special,5067/20,2020-01-29,Wed,多多,Play Snooker / 玩桌球,Magnum 4D 萬能
422,Special,5067/20,2020-01-29,Wed,多多,SNOOKER PLAYERS,Damacai 大馬彩
422,Special,5067/20,2020-01-29,Wed,多多,Play billiards / 打桌球,Sports Toto 多多
422,Special,4529,2020-01-25,Sat,星池,Play Snooker / 玩桌球,Magnum 4D 萬能
422,Special,4529,2020-01-25,Sat,星池,SNOOKER PLAYERS,Damacai 大馬彩
422,Special,4529,2020-01-25,Sat,星池,Play billiards / 打桌球,Sports Toto 多多
422,Consolation,160/19,2019-12-14,Sat,山打根馬會,Play Snooker / 玩桌球,Magnum 4D 萬能
422,Consolation,160/19,2019-12-14,Sat,山打根馬會,SNOOKER PLAYERS,Damacai 大馬彩
422,Consolation,160/19,2019-12-14,Sat,山打根馬會,Play billiards / 打桌球,Sports Toto 多多
422,Special,4113/19,2019-06-01,Sat,砂大萬,Play Snooker / 玩桌球,Magnum 4D 萬能
422,Special,4113/19,2019-06-01,Sat,砂大萬,SNOOKER PLAYERS,Damacai 大馬彩
422,Special,4113/19,2019-06-01,Sat,砂大萬,Play billiards / 打桌球,Sports Toto 多多
422,Special,024/19,2019-02-19,Tue,山打根馬會,Play Snooker / 玩桌球,Magnum 4D 萬能
422,Special,024/19,2019-02-19,Tue,山打根馬會,SNOOKER PLAYERS,Damacai 大馬彩
422,Special,024/19,2019-02-19,Tue,山打根馬會,Play billiards / 打桌球,Sports Toto 多多
422,Special,4377,2019-02-03,Sun,星池,Play Snooker / 玩桌球,Magnum 4D 萬能
422,Special,4377,2019-02-03,Sun,星池,SNOOKER PLAYERS,Damacai 大馬彩
422,Special,4377,2019-02-03,Sun,星池,Play billiards / 打桌球,Sports Toto 多多
422,Consolation,047/18,2018-08-05,Sun,萬能,Play Snooker / 玩桌球,Magnum 4D 萬能
422,Consolation,047/18,2018-08-05,Sun,萬能,SNOOKER PLAYERS,Damacai 大馬彩
422,Consolation,047/18,2018-08-05,Sun,萬能,Play billiards / 打桌球,Sports Toto 多多
422,Consolation,4749/18,2018-07-15,Sun,大馬彩,Play Snooker / 玩桌球,Magnum 4D 萬能
422,Consolation,4749/18,2018-07-15,Sun,大馬彩,SNOOKER PLAYERS,Damacai 大馬彩
422,Consolation,4749/18,2018-07-15,Sun,大馬彩,Play billiards / 打桌球,Sports Toto 多多
422,Consolation,3904/18,2018-03-14,Wed,砂大萬,Play Snooker / 玩桌球,Magnum 4D 萬能
422,Consolation,3904/18,2018-03-14,Wed,砂大萬,SNOOKER PLAYERS,Damacai 大馬彩
422,Consolation,3904/18,2018-03-14,Wed,砂大萬,Play billiards / 打桌球,Sports Toto 多多
422,Special,956/18,2018-02-04,Sun,萬能,Play Snooker / 玩桌球,Magnum 4D 萬能
422,Special,956/18,2018-02-04,Sun,萬能,SNOOKER PLAYERS,Damacai 大馬彩
422,Special,956/18,2018-02-04,Sun,萬能,Play billiards / 打桌球,Sports Toto 多多
422,Special,4505/17,2017-02-26,Sun,大馬彩,Play Snooker / 玩桌球,Magnum 4D 萬能
422,Special,4505/17,2017-02-26,Sun,大馬彩,SNOOKER PLAYERS,Damacai 大馬彩
422,Special,4505/17,2017-02-26,Sun,大馬彩,Play billiards / 打桌球,Sports Toto 多多
422,Special,3678/16,2016-12-13,Tue,砂大萬,Play Snooker / 玩桌球,Magnum 4D 萬能
422,Special,3678/16,2016-12-13,Tue,砂大萬,SNOOKER PLAYERS,Damacai 大馬彩
422,Special,3678/16,2016-12-13,Tue,砂大萬,Play billiards / 打桌球,Sports Toto 多多
422,Consolation,4007,2016-09-24,Sat,星池,Play Snooker / 玩桌球,Magnum 4D 萬能
422,Consolation,4007,2016-09-24,Sat,星池,SNOOKER PLAYERS,Damacai 大馬彩
422,Consolation,4007,2016-09-24,Sat,星池,Play billiards / 打桌球,Sports Toto 多多
422,Consolation,2493/16,2016-06-01,Wed,沙巴彩,Play Snooker / 玩桌球,Magnum 4D 萬能
422,Consolation,2493/16,2016-06-01,Wed,沙巴彩,SNOOKER PLAYERS,Damacai 大馬彩
422,Consolation,2493/16,2016-06-01,Wed,沙巴彩,Play billiards / 打桌球,Sports Toto 多多
422,Consolation,3562/16,2016-04-17,Sun,砂大萬,Play Snooker / 玩桌球,Magnum 4D 萬能
422,Consolation,3562/16,2016-04-17,Sun,砂大萬,SNOOKER PLAYERS,Damacai 大馬彩
422,Consolation,3562/16,2016-04-17,Sun,砂大萬,Play billiards / 打桌球,Sports Toto 多多
422,Special,4388/16,2016-03-16,Wed,多多,Play Snooker / 玩桌球,Magnum 4D 萬能
422,Special,4388/16,2016-03-16,Wed,多多,SNOOKER PLAYERS,Damacai 大馬彩
422,Special,4388/16,2016-03-16,Wed,多多,Play billiards / 打桌球,Sports Toto 多多
422,Consolation,3509/16,2016-01-02,Sat,砂大萬,Play Snooker / 玩桌球,Magnum 4D 萬能
422,Consolation,3509/16,2016-01-02,Sat,砂大萬,SNOOKER PLAYERS,Damacai 大馬彩
422,Consolation,3509/16,2016-01-02,Sat,砂大萬,Play billiards / 打桌球,Sports Toto 多多
422,Special,2414/15,2015-12-29,Tue,沙巴彩,Play Snooker / 玩桌球,Magnum 4D 萬能
422,Special,2414/15,2015-12-29,Tue,沙巴彩,SNOOKER PLAYERS,Damacai 大馬彩
422,Special,2414/15,2015-12-29,Tue,沙巴彩,Play billiards / 打桌球,Sports Toto 多多
422,Consolation,3462/15,2015-09-29,Tue,砂大萬,Play Snooker / 玩桌球,Magnum 4D 萬能
422,Consolation,3462/15,2015-09-29,Tue,砂大萬,SNOOKER PLAYERS,Damacai 大馬彩
422,Consolation,3462/15,2015-09-29,Tue,砂大萬,Play billiards / 打桌球,Sports Toto 多多
422,Special,3820,2015-07-15,Wed,星池,Play Snooker / 玩桌球,Magnum 4D 萬能
422,Special,3820,2015-07-15,Wed,星池,SNOOKER PLAYERS,Damacai 大馬彩
422,Special,3820,2015-07-15,Wed,星池,Play billiards / 打桌球,Sports Toto 多多
422,Consolation,051/15,2015-04-08,Wed,山打根馬會,Play Snooker / 玩桌球,Magnum 4D 萬能
422,Consolation,051/15,2015-04-08,Wed,山打根馬會,SNOOKER PLAYERS,Damacai 大馬彩
422,Consolation,051/15,2015-04-08,Wed,山打根馬會,Play billiards / 打桌球,Sports Toto 多多
422,Consolation,339/14,2014-09-10,Wed,萬能,Play Snooker / 玩桌球,Magnum 4D 萬能
422,Consolation,339/14,2014-09-10,Wed,萬能,SNOOKER PLAYERS,Damacai 大馬彩
422,Consolation,339/14,2014-09-10,Wed,萬能,Play billiards / 打桌球,Sports Toto 多多
422,Consolation,2179/14,2014-08-31,Sun,沙巴彩,Play Snooker / 玩桌球,Magnum 4D 萬能
422,Consolation,2179/14,2014-08-31,Sun,沙巴彩,SNOOKER PLAYERS,Damacai 大馬彩
422,Consolation,2179/14,2014-08-31,Sun,沙巴彩,Play billiards / 打桌球,Sports Toto 多多
422,1ST,3900/13,2013-06-23,Sun,多多,Play Snooker / 玩桌球,Magnum 4D 萬能
422,1ST,3900/13,2013-06-23,Sun,多多,SNOOKER PLAYERS,Damacai 大馬彩
422,1ST,3900/13,2013-06-23,Sun,多多,Play billiards / 打桌球,Sports Toto 多多
422,3RD,1946/13,2013-05-11,Sat,沙巴彩,Play Snooker / 玩桌球,Magnum 4D 萬能
422,3RD,1946/13,2013-05-11,Sat,沙巴彩,SNOOKER PLAYERS,Damacai 大馬彩
422,3RD,1946/13,2013-05-11,Sat,沙巴彩,Play billiards / 打桌球,Sports Toto 多多
422,Special,3866/13,2013-04-13,Sat,多多,Play Snooker / 玩桌球,Magnum 4D 萬能
422,Special,3866/13,2013-04-13,Sat,多多,SNOOKER PLAYERS,Damacai 大馬彩
422,Special,3866/13,2013-04-13,Sat,多多,Play billiards / 打桌球,Sports Toto 多多
422,Consolation,3854/13,2013-03-20,Wed,多多,Play Snooker / 玩桌球,Magnum 4D 萬能
422,Consolation,3854/13,2013-03-20,Wed,多多,SNOOKER PLAYERS,Damacai 大馬彩
422,Consolation,3854/13,2013-03-20,Wed,多多,Play billiards / 打桌球,Sports Toto 多多
422,1ST,050/13,2013-01-26,Sat,萬能,Play Snooker / 玩桌球,Magnum 4D 萬能
422,1ST,050/13,2013-01-26,Sat,萬能,SNOOKER PLAYERS,Damacai 大馬彩
422,1ST,050/13,2013-01-26,Sat,萬能,Play billiards / 打桌球,Sports Toto 多多
422,Consolation,3686/12,2012-07-29,Sun,大馬彩,Play Snooker / 玩桌球,Magnum 4D 萬能
422,Consolation,3686/12,2012-07-29,Sun,大馬彩,SNOOKER PLAYERS,Damacai 大馬彩
422,Consolation,3686/12,2012-07-29,Sun,大馬彩,Play billiards / 打桌球,Sports Toto 多多
422,Consolation,2894/12,2012-07-18,Wed,砂大萬,Play Snooker / 玩桌球,Magnum 4D 萬能
422,Consolation,2894/12,2012-07-18,Wed,砂大萬,SNOOKER PLAYERS,Damacai 大馬彩
422,Consolation,2894/12,2012-07-18,Wed,砂大萬,Play billiards / 打桌球,Sports Toto 多多
422,Consolation,3655/12,2012-05-27,Sun,大馬彩,Play Snooker / 玩桌球,Magnum 4D 萬能
422,Consolation,3655/12,2012-05-27,Sun,大馬彩,SNOOKER PLAYERS,Damacai 大馬彩
422,Consolation,3655/12,2012-05-27,Sun,大馬彩,Play billiards / 打桌球,Sports Toto 多多
422,Special,876/12,2012-02-05,Sun,萬能,Play Snooker / 玩桌球,Magnum 4D 萬能
422,Special,876/12,2012-02-05,Sun,萬能,SNOOKER PLAYERS,Damacai 大馬彩
422,Special,876/12,2012-02-05,Sun,萬能,Play billiards / 打桌球,Sports Toto 多多
422,Special,19/12,2012-02-04,Sat,山打根馬會,Play Snooker / 玩桌球,Magnum 4D 萬能
422,Special,19/12,2012-02-04,Sat,山打根馬會,SNOOKER PLAYERS,Damacai 大馬彩
422,Special,19/12,2012-02-04,Sat,山打根馬會,Play billiards / 打桌球,Sports Toto 多多
422,Special,3542/11,2011-10-09,Sun,大馬彩,Play Snooker / 玩桌球,Magnum 4D 萬能
422,Special,3542/11,2011-10-09,Sun,大馬彩,SNOOKER PLAYERS,Damacai 大馬彩
422,Special,3542/11,2011-10-09,Sun,大馬彩,Play billiards / 打桌球,Sports Toto 多多
422,2ND,1654/11,2011-09-27,Tue,沙巴彩,Play Snooker / 玩桌球,Magnum 4D 萬能
422,2ND,1654/11,2011-09-27,Tue,沙巴彩,SNOOKER PLAYERS,Damacai 大馬彩
422,2ND,1654/11,2011-09-27,Tue,沙巴彩,Play billiards / 打桌球,Sports Toto 多多
422,Consolation,3532/11,2011-05-29,Sun,多多,Play Snooker / 玩桌球,Magnum 4D 萬能
422,Consolation,3532/11,2011-05-29,Sun,多多,SNOOKER PLAYERS,Damacai 大馬彩
422,Consolation,3532/11,2011-05-29,Sun,多多,Play billiards / 打桌球,Sports Toto 多多
422,2ND,2685/11,2011-05-15,Sun,砂大萬,Play Snooker / 玩桌球,Magnum 4D 萬能
422,2ND,2685/11,2011-05-15,Sun,砂大萬,SNOOKER PLAYERS,Damacai 大馬彩
422,2ND,2685/11,2011-05-15,Sun,砂大萬,Play billiards / 打桌球,Sports Toto 多多
422,Consolation,62/11,2011-05-03,Tue,山打根馬會,Play Snooker / 玩桌球,Magnum 4D 萬能
422,Consolation,62/11,2011-05-03,Tue,山打根馬會,SNOOKER PLAYERS,Damacai 大馬彩
422,Consolation,62/11,2011-05-03,Tue,山打根馬會,Play billiards / 打桌球,Sports Toto 多多
422,Special,3505/11,2011-04-03,Sun,多多,Play Snooker / 玩桌球,Magnum 4D 萬能
422,Special,3505/11,2011-04-03,Sun,多多,SNOOKER PLAYERS,Damacai 大馬彩
422,Special,3505/11,2011-04-03,Sun,多多,Play billiards / 打桌球,Sports Toto 多多
422,Special,644/10,2010-10-16,Sat,萬能,Play Snooker / 玩桌球,Magnum 4D 萬能
422,Special,644/10,2010-10-16,Sat,萬能,SNOOKER PLAYERS,Damacai 大馬彩
422,Special,644/10,2010-10-16,Sat,萬能,Play billiards / 打桌球,Sports Toto 多多
422,Special,3327/10,2010-07-18,Sun,大馬彩,Play Snooker / 玩桌球,Magnum 4D 萬能
422,Special,3327/10,2010-07-18,Sun,大馬彩,SNOOKER PLAYERS,Damacai 大馬彩
422,Special,3327/10,2010-07-18,Sun,大馬彩,Play billiards / 打桌球,Sports Toto 多多
422,Consolation,3350/10,2010-05-16,Sun,多多,Play Snooker / 玩桌球,Magnum 4D 萬能
422,Consolation,3350/10,2010-05-16,Sun,多多,SNOOKER PLAYERS,Damacai 大馬彩
422,Consolation,3350/10,2010-05-16,Sun,多多,Play billiards / 打桌球,Sports Toto 多多
422,Consolation,1405/10,2010-04-25,Sun,沙巴彩,Play Snooker / 玩桌球,Magnum 4D 萬能
422,Consolation,1405/10,2010-04-25,Sun,沙巴彩,SNOOKER PLAYERS,Damacai 大馬彩
422,Consolation,1405/10,2010-04-25,Sun,沙巴彩,Play billiards / 打桌球,Sports Toto 多多
422,Special,124/09,2009-09-16,Wed,山打根馬會,Play Snooker / 玩桌球,Magnum 4D 萬能
422,Special,124/09,2009-09-16,Wed,山打根馬會,SNOOKER PLAYERS,Damacai 大馬彩
422,Special,124/09,2009-09-16,Wed,山打根馬會,Play billiards / 打桌球,Sports Toto 多多
422,Special,2730/2008,2008-07-27,Sun,星池,Play Snooker / 玩桌球,Magnum 4D 萬能
422,Special,2730/2008,2008-07-27,Sun,星池,SNOOKER PLAYERS,Damacai 大馬彩
422,Special,2730/2008,2008-07-27,Sun,星池,Play billiards / 打桌球,Sports Toto 多多
422,Special,2147/08,2008-04-05,Sat,砂大萬,Play Snooker / 玩桌球,Magnum 4D 萬能
422,Special,2147/08,2008-04-05,Sat,砂大萬,SNOOKER PLAYERS,Damacai 大馬彩
422,Special,2147/08,2008-04-05,Sat,砂大萬,Play billiards / 打桌球,Sports Toto 多多
422,2ND,2118/08,2008-01-27,Sun,砂大萬,Play Snooker / 玩桌球,Magnum 4D 萬能
422,2ND,2118/08,2008-01-27,Sun,砂大萬,SNOOKER PLAYERS,Damacai 大馬彩
422,2ND,2118/08,2008-01-27,Sun,砂大萬,Play billiards / 打桌球,Sports Toto 多多
422,3RD,123/06,2006-09-17,Sun,山打根馬會,Play Snooker / 玩桌球,Magnum 4D 萬能
422,3RD,123/06,2006-09-17,Sun,山打根馬會,SNOOKER PLAYERS,Damacai 大馬彩
422,3RD,123/06,2006-09-17,Sun,山打根馬會,Play billiards / 打桌球,Sports Toto 多多
422,Consolation,2429/2006,2006-08-26,Sat,星池,Play Snooker / 玩桌球,Magnum 4D 萬能
422,Consolation,2429/2006,2006-08-26,Sat,星池,SNOOKER PLAYERS,Damacai 大馬彩
422,Consolation,2429/2006,2006-08-26,Sat,星池,Play billiards / 打桌球,Sports Toto 多多
422,Special,2633/06,2006-06-11,Sun,大馬彩,Play Snooker / 玩桌球,Magnum 4D 萬能
422,Special,2633/06,2006-06-11,Sun,大馬彩,SNOOKER PLAYERS,Damacai 大馬彩
422,Special,2633/06,2006-06-11,Sun,大馬彩,Play billiards / 打桌球,Sports Toto 多多
422,Special,172/05,2005-12-25,Sun,山打根馬會,Play Snooker / 玩桌球,Magnum 4D 萬能
422,Special,172/05,2005-12-25,Sun,山打根馬會,SNOOKER PLAYERS,Damacai 大馬彩
422,Special,172/05,2005-12-25,Sun,山打根馬會,Play billiards / 打桌球,Sports Toto 多多
422,Special,2526/05,2005-10-30,Sun,大馬彩,Play Snooker / 玩桌球,Magnum 4D 萬能
422,Special,2526/05,2005-10-30,Sun,大馬彩,SNOOKER PLAYERS,Damacai 大馬彩
422,Special,2526/05,2005-10-30,Sun,大馬彩,Play billiards / 打桌球,Sports Toto 多多
422,Special,2279/2005,2005-09-10,Sat,星池,Play Snooker / 玩桌球,Magnum 4D 萬能
422,Special,2279/2005,2005-09-10,Sat,星池,SNOOKER PLAYERS,Damacai 大馬彩
422,Special,2279/2005,2005-09-10,Sat,星池,Play billiards / 打桌球,Sports Toto 多多
422,3RD,1478/04,2004-04-17,Sat,砂大萬,Play Snooker / 玩桌球,Magnum 4D 萬能
422,3RD,1478/04,2004-04-17,Sat,砂大萬,SNOOKER PLAYERS,Damacai 大馬彩
422,3RD,1478/04,2004-04-17,Sat,砂大萬,Play billiards / 打桌球,Sports Toto 多多
422,Consolation,151/03,2003-11-27,Thu,山打根馬會,Play Snooker / 玩桌球,Magnum 4D 萬能
422,Consolation,151/03,2003-11-27,Thu,山打根馬會,SNOOKER PLAYERS,Damacai 大馬彩
422,Consolation,151/03,2003-11-27,Thu,山打根馬會,Play billiards / 打桌球,Sports Toto 多多
422,Consolation,1384/03,2003-09-17,Wed,砂大萬,Play Snooker / 玩桌球,Magnum 4D 萬能
422,Consolation,1384/03,2003-09-17,Wed,砂大萬,SNOOKER PLAYERS,Damacai 大馬彩
422,Consolation,1384/03,2003-09-17,Wed,砂大萬,Play billiards / 打桌球,Sports Toto 多多
422,Consolation,1285/03,2003-02-09,Sun,砂大萬,Play Snooker / 玩桌球,Magnum 4D 萬能
422,Consolation,1285/03,2003-02-09,Sun,砂大萬,SNOOKER PLAYERS,Damacai 大馬彩
422,Consolation,1285/03,2003-02-09,Sun,砂大萬,Play billiards / 打桌球,Sports Toto 多多
422,2ND,1809/2002,2002-09-08,Sun,星池,Play Snooker / 玩桌球,Magnum 4D 萬能
422,2ND,1809/2002,2002-09-08,Sun,星池,SNOOKER PLAYERS,Damacai 大馬彩
422,2ND,1809/2002,2002-09-08,Sun,星池,Play billiards / 打桌球,Sports Toto 多多
422,Special,1807/2002,2002-09-04,Wed,星池,Play Snooker / 玩桌球,Magnum 4D 萬能
422,Special,1807/2002,2002-09-04,Wed,星池,SNOOKER PLAYERS,Damacai 大馬彩
422,Special,1807/2002,2002-09-04,Wed,星池,Play billiards / 打桌球,Sports Toto 多多
422,Consolation,1173/02,2002-06-05,Wed,砂大萬,Play Snooker / 玩桌球,Magnum 4D 萬能
422,Consolation,1173/02,2002-06-05,Wed,砂大萬,SNOOKER PLAYERS,Damacai 大馬彩
422,Consolation,1173/02,2002-06-05,Wed,砂大萬,Play billiards / 打桌球,Sports Toto 多多
422,Special,065/02,2002-06-01,Sat,萬能,Play Snooker / 玩桌球,Magnum 4D 萬能
422,Special,065/02,2002-06-01,Sat,萬能,SNOOKER PLAYERS,Damacai 大馬彩
422,Special,065/02,2002-06-01,Sat,萬能,Play billiards / 打桌球,Sports Toto 多多
422,Special,1739/2002,2002-03-30,Sat,星池,Play Snooker / 玩桌球,Magnum 4D 萬能
422,Special,1739/2002,2002-03-30,Sat,星池,SNOOKER PLAYERS,Damacai 大馬彩
422,Special,1739/2002,2002-03-30,Sat,星池,Play billiards / 打桌球,Sports Toto 多多
422,Special,157/2001,2001-12-16,Sun,山打根馬會,Play Snooker / 玩桌球,Magnum 4D 萬能
422,Special,157/2001,2001-12-16,Sun,山打根馬會,SNOOKER PLAYERS,Damacai 大馬彩
422,Special,157/2001,2001-12-16,Sun,山打根馬會,Play billiards / 打桌球,Sports Toto 多多
422,1ST,109/01,2001-09-12,Wed,萬能,Play Snooker / 玩桌球,Magnum 4D 萬能
422,1ST,109/01,2001-09-12,Wed,萬能,SNOOKER PLAYERS,Damacai 大馬彩
422,1ST,109/01,2001-09-12,Wed,萬能,Play billiards / 打桌球,Sports Toto 多多
422,Special,1808/01,2001-07-07,Sat,大馬彩,Play Snooker / 玩桌球,Magnum 4D 萬能
422,Special,1808/01,2001-07-07,Sat,大馬彩,SNOOKER PLAYERS,Damacai 大馬彩
422,Special,1808/01,2001-07-07,Sat,大馬彩,Play billiards / 打桌球,Sports Toto 多多
422,Consolation,1847/01,2001-06-02,Sat,多多,Play Snooker / 玩桌球,Magnum 4D 萬能
422,Consolation,1847/01,2001-06-02,Sat,多多,SNOOKER PLAYERS,Damacai 大馬彩
422,Consolation,1847/01,2001-06-02,Sat,多多,Play billiards / 打桌球,Sports Toto 多多
422,Special,0893/00,2000-09-27,Wed,砂大萬,Play Snooker / 玩桌球,Magnum 4D 萬能
422,Special,0893/00,2000-09-27,Wed,砂大萬,SNOOKER PLAYERS,Damacai 大馬彩
422,Special,0893/00,2000-09-27,Wed,砂大萬,Play billiards / 打桌球,Sports Toto 多多
422,Special,1636/00,2000-06-14,Wed,大馬彩,Play Snooker / 玩桌球,Magnum 4D 萬能
422,Special,1636/00,2000-06-14,Wed,大馬彩,SNOOKER PLAYERS,Damacai 大馬彩
422,Special,1636/00,2000-06-14,Wed,大馬彩,Play billiards / 打桌球,Sports Toto 多多
422,Consolation,0695/99,1999-07-07,Wed,砂大萬,Play Snooker / 玩桌球,Magnum 4D 萬能
422,Consolation,0695/99,1999-07-07,Wed,砂大萬,SNOOKER PLAYERS,Damacai 大馬彩
422,Consolation,0695/99,1999-07-07,Wed,砂大萬,Play billiards / 打桌球,Sports Toto 多多
422,Consolation,1396/98,1998-12-26,Sat,大馬彩,Play Snooker / 玩桌球,Magnum 4D 萬能
422,Consolation,1396/98,1998-12-26,Sat,大馬彩,SNOOKER PLAYERS,Damacai 大馬彩
422,Consolation,1396/98,1998-12-26,Sat,大馬彩,Play billiards / 打桌球,Sports Toto 多多
422,Special,D19980919,1998-09-19,Sat,星池,Play Snooker / 玩桌球,Magnum 4D 萬能
422,Special,D19980919,1998-09-19,Sat,星池,SNOOKER PLAYERS,Damacai 大馬彩
422,Special,D19980919,1998-09-19,Sat,星池,Play billiards / 打桌球,Sports Toto 多多
422,Special,1291/98,1998-04-29,Wed,大馬彩,Play Snooker / 玩桌球,Magnum 4D 萬能
422,Special,1291/98,1998-04-29,Wed,大馬彩,SNOOKER PLAYERS,Damacai 大馬彩
422,Special,1291/98,1998-04-29,Wed,大馬彩,Play billiards / 打桌球,Sports Toto 多多
422,Consolation,0229/96,1996-07-31,Wed,砂大萬,Play Snooker / 玩桌球,Magnum 4D 萬能
422,Consolation,0229/96,1996-07-31,Wed,砂大萬,SNOOKER PLAYERS,Damacai 大馬彩
422,Consolation,0229/96,1996-07-31,Wed,砂大萬,Play billiards / 打桌球,Sports Toto 多多
422,Consolation,0212/96,1996-06-22,Sat,砂大萬,Play Snooker / 玩桌球,Magnum 4D 萬能
422,Consolation,0212/96,1996-06-22,Sat,砂大萬,SNOOKER PLAYERS,Damacai 大馬彩
422,Consolation,0212/96,1996-06-22,Sat,砂大萬,Play billiards / 打桌球,Sports Toto 多多
422,Special,D19950319,1995-03-19,Sun,星池,Play Snooker / 玩桌球,Magnum 4D 萬能
422,Special,D19950319,1995-03-19,Sun,星池,SNOOKER PLAYERS,Damacai 大馬彩
422,Special,D19950319,1995-03-19,Sun,星池,Play billiards / 打桌球,Sports Toto 多多
422,2ND,0539/93,1993-07-10,Sat,大馬彩,Play Snooker / 玩桌球,Magnum 4D 萬能
422,2ND,0539/93,1993-07-10,Sat,大馬彩,SNOOKER PLAYERS,Damacai 大馬彩
422,2ND,0539/93,1993-07-10,Sat,大馬彩,Play billiards / 打桌球,Sports Toto 多多
422,Consolation,0474/93,1993-02-07,Sun,大馬彩,Play Snooker / 玩桌球,Magnum 4D 萬能
422,Consolation,0474/93,1993-02-07,Sun,大馬彩,SNOOKER PLAYERS,Damacai 大馬彩
422,Consolation,0474/93,1993-02-07,Sun,大馬彩,Play billiards / 打桌球,Sports Toto 多多
422,Consolation,077/87,1987-06-27,Sat,萬能,Play Snooker / 玩桌球,Magnum 4D 萬能
422,Consolation,077/87,1987-06-27,Sat,萬能,SNOOKER PLAYERS,Damacai 大馬彩
422,Consolation,077/87,1987-06-27,Sat,萬能,Play billiards / 打桌球,Sports Toto 多多
422,3RD,D19870208,1987-02-08,Sun,星池,Play Snooker / 玩桌球,Magnum 4D 萬能
422,3RD,D19870208,1987-02-08,Sun,星池,SNOOKER PLAYERS,Damacai 大馬彩
422,3RD,D19870208,1987-02-08,Sun,星池,Play billiards / 打桌球,Sports Toto 多多
