开彩日期,开彩日,彩号,秦庄,彩金,抽奖,图译,秦典
2024-06-23,Sun,6841,大馬彩,Consolation,5766/24,Arrow / 弓箭,Magnum 4D 萬能
2024-06-23,Sun,6841,大馬彩,Consolation,5766/24,EARTH DAY,Damacai 大馬彩
2024-06-23,Sun,6841,大馬彩,Consolation,5766/24,Jam / 塞车,Sports Toto 多多
2024-06-15,Sat,6841,多多,Special,5815/24,Arrow / 弓箭,Magnum 4D 萬能
2024-06-15,Sat,6841,多多,Special,5815/24,EARTH DAY,Damacai 大馬彩
2024-06-15,Sat,6841,多多,Special,5815/24,Jam / 塞车,Sports Toto 多多
2023-06-11,Sun,6841,多多,Consolation,5649/23,Arrow / 弓箭,Magnum 4D 萬能
2023-06-11,Sun,6841,多多,Consolation,5649/23,EARTH DAY,Damacai 大馬彩
2023-06-11,Sun,6841,多多,Consolation,5649/23,Jam / 塞车,Sports Toto 多多
2022-03-02,Wed,6841,星池,2ND,4825,Arrow / 弓箭,Magnum 4D 萬能
2022-03-02,Wed,6841,星池,2ND,4825,EARTH DAY,Damacai 大馬彩
2022-03-02,Wed,6841,星池,2ND,4825,Jam / 塞车,Sports Toto 多多
2021-07-24,Sat,6841,星池,1ST,4730,Arrow / 弓箭,Magnum 4D 萬能
2021-07-24,Sat,6841,星池,1ST,4730,EARTH DAY,Damacai 大馬彩
2021-07-24,Sat,6841,星池,1ST,4730,Jam / 塞车,Sports Toto 多多
2021-01-13,Wed,6841,多多,Special,5224/21,Arrow / 弓箭,Magnum 4D 萬能
2021-01-13,Wed,6841,多多,Special,5224/21,EARTH DAY,Damacai 大馬彩
2021-01-13,Wed,6841,多多,Special,5224/21,Jam / 塞车,Sports Toto 多多
2020-07-22,Wed,6841,萬能,Special,381/20,Arrow / 弓箭,Magnum 4D 萬能
2020-07-22,Wed,6841,萬能,Special,381/20,EARTH DAY,Damacai 大馬彩
2020-07-22,Wed,6841,萬能,Special,381/20,Jam / 塞车,Sports Toto 多多
2020-07-08,Wed,6841,砂大萬,Consolation,4298/20,Arrow / 弓箭,Magnum 4D 萬能
2020-07-08,Wed,6841,砂大萬,Consolation,4298/20,EARTH DAY,Damacai 大馬彩
2020-07-08,Wed,6841,砂大萬,Consolation,4298/20,Jam / 塞车,Sports Toto 多多
2019-10-16,Wed,6841,星池,Special,4486,Arrow / 弓箭,Magnum 4D 萬能
2019-10-16,Wed,6841,星池,Special,4486,EARTH DAY,Damacai 大馬彩
2019-10-16,Wed,6841,星池,Special,4486,Jam / 塞车,Sports Toto 多多
2019-06-19,Wed,6841,砂大萬,Consolation,4122/19,Arrow / 弓箭,Magnum 4D 萬能
2019-06-19,Wed,6841,砂大萬,Consolation,4122/19,EARTH DAY,Damacai 大馬彩
2019-06-19,Wed,6841,砂大萬,Consolation,4122/19,Jam / 塞车,Sports Toto 多多
2019-03-03,Sun,6841,砂大萬,Special,4074/19,Arrow / 弓箭,Magnum 4D 萬能
2019-03-03,Sun,6841,砂大萬,Special,4074/19,EARTH DAY,Damacai 大馬彩
2019-03-03,Sun,6841,砂大萬,Special,4074/19,Jam / 塞车,Sports Toto 多多
2018-03-24,Sat,6841,砂大萬,Consolation,3908/18,Arrow / 弓箭,Magnum 4D 萬能
2018-03-24,Sat,6841,砂大萬,Consolation,3908/18,EARTH DAY,Damacai 大馬彩
2018-03-24,Sat,6841,砂大萬,Consolation,3908/18,Jam / 塞车,Sports Toto 多多
2018-01-07,Sun,6841,沙巴彩,Consolation,2776/18,Arrow / 弓箭,Magnum 4D 萬能
2018-01-07,Sun,6841,沙巴彩,Consolation,2776/18,EARTH DAY,Damacai 大馬彩
2018-01-07,Sun,6841,沙巴彩,Consolation,2776/18,Jam / 塞车,Sports Toto 多多
2017-11-01,Wed,6841,星池,Special,4180,Arrow / 弓箭,Magnum 4D 萬能
2017-11-01,Wed,6841,星池,Special,4180,EARTH DAY,Damacai 大馬彩
2017-11-01,Wed,6841,星池,Special,4180,Jam / 塞车,Sports Toto 多多
2017-10-01,Sun,6841,沙巴彩,Special,2728/17,Arrow / 弓箭,Magnum 4D 萬能
2017-10-01,Sun,6841,沙巴彩,Special,2728/17,EARTH DAY,Damacai 大馬彩
2017-10-01,Sun,6841,沙巴彩,Special,2728/17,Jam / 塞车,Sports Toto 多多
2017-05-28,Sun,6841,萬能,3RD,832/17,Arrow / 弓箭,Magnum 4D 萬能
2017-05-28,Sun,6841,萬能,3RD,832/17,EARTH DAY,Damacai 大馬彩
2017-05-28,Sun,6841,萬能,3RD,832/17,Jam / 塞车,Sports Toto 多多
2017-01-15,Sun,6841,星池,3RD,4056,Arrow / 弓箭,Magnum 4D 萬能
2017-01-15,Sun,6841,星池,3RD,4056,EARTH DAY,Damacai 大馬彩
2017-01-15,Sun,6841,星池,3RD,4056,Jam / 塞车,Sports Toto 多多
2016-09-25,Sun,6841,星池,Special,4008,Arrow / 弓箭,Magnum 4D 萬能
2016-09-25,Sun,6841,星池,Special,4008,EARTH DAY,Damacai 大馬彩
2016-09-25,Sun,6841,星池,Special,4008,Jam / 塞车,Sports Toto 多多
2016-08-21,Sun,6841,大馬彩,Consolation,4410/16,Arrow / 弓箭,Magnum 4D 萬能
2016-08-21,Sun,6841,大馬彩,Consolation,4410/16,EARTH DAY,Damacai 大馬彩
2016-08-21,Sun,6841,大馬彩,Consolation,4410/16,Jam / 塞车,Sports Toto 多多
2016-05-14,Sat,6841,砂大萬,Consolation,3575/16,Arrow / 弓箭,Magnum 4D 萬能
2016-05-14,Sat,6841,砂大萬,Consolation,3575/16,EARTH DAY,Damacai 大馬彩
2016-05-14,Sat,6841,砂大萬,Consolation,3575/16,Jam / 塞车,Sports Toto 多多
2016-01-10,Sun,6841,多多,1ST,4355/16,Arrow / 弓箭,Magnum 4D 萬能
2016-01-10,Sun,6841,多多,1ST,4355/16,EARTH DAY,Damacai 大馬彩
2016-01-10,Sun,6841,多多,1ST,4355/16,Jam / 塞车,Sports Toto 多多
2015-12-02,Wed,6841,砂大萬,3RD,3495/15,Arrow / 弓箭,Magnum 4D 萬能
2015-12-02,Wed,6841,砂大萬,3RD,3495/15,EARTH DAY,Damacai 大馬彩
2015-12-02,Wed,6841,砂大萬,3RD,3495/15,Jam / 塞车,Sports Toto 多多
2015-07-29,Wed,6841,多多,Consolation,4274/15,Arrow / 弓箭,Magnum 4D 萬能
2015-07-29,Wed,6841,多多,Consolation,4274/15,EARTH DAY,Damacai 大馬彩
2015-07-29,Wed,6841,多多,Consolation,4274/15,Jam / 塞车,Sports Toto 多多
2015-04-28,Tue,6841,大馬彩,Consolation,4177/15,Arrow / 弓箭,Magnum 4D 萬能
2015-04-28,Tue,6841,大馬彩,Consolation,4177/15,EARTH DAY,Damacai 大馬彩
2015-04-28,Tue,6841,大馬彩,Consolation,4177/15,Jam / 塞车,Sports Toto 多多
2015-04-22,Wed,6841,星池,Special,3784,Arrow / 弓箭,Magnum 4D 萬能
2015-04-22,Wed,6841,星池,Special,3784,EARTH DAY,Damacai 大馬彩
2015-04-22,Wed,6841,星池,Special,3784,Jam / 塞车,Sports Toto 多多
2015-03-07,Sat,6841,萬能,Special,428/15,Arrow / 弓箭,Magnum 4D 萬能
2015-03-07,Sat,6841,萬能,Special,428/15,EARTH DAY,Damacai 大馬彩
2015-03-07,Sat,6841,萬能,Special,428/15,Jam / 塞车,Sports Toto 多多
2015-02-07,Sat,6841,多多,Consolation,4190/15,Arrow / 弓箭,Magnum 4D 萬能
2015-02-07,Sat,6841,多多,Consolation,4190/15,EARTH DAY,Damacai 大馬彩
2015-02-07,Sat,6841,多多,Consolation,4190/15,Jam / 塞车,Sports Toto 多多
2014-08-31,Sun,6841,山打根馬會,2ND,119/14,Arrow / 弓箭,Magnum 4D 萬能
2014-08-31,Sun,6841,山打根馬會,2ND,119/14,EARTH DAY,Damacai 大馬彩
2014-08-31,Sun,6841,山打根馬會,2ND,119/14,Jam / 塞车,Sports Toto 多多
2014-08-17,Sun,6841,星池,Special,3678,Arrow / 弓箭,Magnum 4D 萬能
2014-08-17,Sun,6841,星池,Special,3678,EARTH DAY,Damacai 大馬彩
2014-08-17,Sun,6841,星池,Special,3678,Jam / 塞车,Sports Toto 多多
2014-06-22,Sun,6841,沙巴彩,Consolation,2146/14,Arrow / 弓箭,Magnum 4D 萬能
2014-06-22,Sun,6841,沙巴彩,Consolation,2146/14,EARTH DAY,Damacai 大馬彩
2014-06-22,Sun,6841,沙巴彩,Consolation,2146/14,Jam / 塞车,Sports Toto 多多
2013-12-22,Sun,6841,星池,Special,3576/,Arrow / 弓箭,Magnum 4D 萬能
2013-12-22,Sun,6841,星池,Special,3576/,EARTH DAY,Damacai 大馬彩
2013-12-22,Sun,6841,星池,Special,3576/,Jam / 塞车,Sports Toto 多多
2013-07-02,Tue,6841,多多,2ND,3905/13,Arrow / 弓箭,Magnum 4D 萬能
2013-07-02,Tue,6841,多多,2ND,3905/13,EARTH DAY,Damacai 大馬彩
2013-07-02,Tue,6841,多多,2ND,3905/13,Jam / 塞车,Sports Toto 多多
2013-05-15,Wed,6841,沙巴彩,Consolation,1948/13,Arrow / 弓箭,Magnum 4D 萬能
2013-05-15,Wed,6841,沙巴彩,Consolation,1948/13,EARTH DAY,Damacai 大馬彩
2013-05-15,Wed,6841,沙巴彩,Consolation,1948/13,Jam / 塞车,Sports Toto 多多
2013-04-06,Sat,6841,沙巴彩,Consolation,1929/13,Arrow / 弓箭,Magnum 4D 萬能
2013-04-06,Sat,6841,沙巴彩,Consolation,1929/13,EARTH DAY,Damacai 大馬彩
2013-04-06,Sat,6841,沙巴彩,Consolation,1929/13,Jam / 塞车,Sports Toto 多多
2011-02-05,Sat,6841,多多,Consolation,3476/11,Arrow / 弓箭,Magnum 4D 萬能
2011-02-05,Sat,6841,多多,Consolation,3476/11,EARTH DAY,Damacai 大馬彩
2011-02-05,Sat,6841,多多,Consolation,3476/11,Jam / 塞车,Sports Toto 多多
2011-01-01,Sat,6841,砂大萬,Special,2618/11,Arrow / 弓箭,Magnum 4D 萬能
2011-01-01,Sat,6841,砂大萬,Special,2618/11,EARTH DAY,Damacai 大馬彩
2011-01-01,Sat,6841,砂大萬,Special,2618/11,Jam / 塞车,Sports Toto 多多
2010-06-23,Wed,6841,山打根馬會,Special,85/10,Arrow / 弓箭,Magnum 4D 萬能
2010-06-23,Wed,6841,山打根馬會,Special,85/10,EARTH DAY,Damacai 大馬彩
2010-06-23,Wed,6841,山打根馬會,Special,85/10,Jam / 塞车,Sports Toto 多多
2010-03-20,Sat,6841,大馬彩,3RD,3268/10,Arrow / 弓箭,Magnum 4D 萬能
2010-03-20,Sat,6841,大馬彩,3RD,3268/10,EARTH DAY,Damacai 大馬彩
2010-03-20,Sat,6841,大馬彩,3RD,3268/10,Jam / 塞车,Sports Toto 多多
2010-01-27,Wed,6841,大馬彩,1ST,3242/10,Arrow / 弓箭,Magnum 4D 萬能
2010-01-27,Wed,6841,大馬彩,1ST,3242/10,EARTH DAY,Damacai 大馬彩
2010-01-27,Wed,6841,大馬彩,1ST,3242/10,Jam / 塞车,Sports Toto 多多
2009-12-30,Wed,6841,大馬彩,Special,3229/09,Arrow / 弓箭,Magnum 4D 萬能
2009-12-30,Wed,6841,大馬彩,Special,3229/09,EARTH DAY,Damacai 大馬彩
2009-12-30,Wed,6841,大馬彩,Special,3229/09,Jam / 塞车,Sports Toto 多多
2009-11-10,Tue,6841,山打根馬會,Special,151/09,Arrow / 弓箭,Magnum 4D 萬能
2009-11-10,Tue,6841,山打根馬會,Special,151/09,EARTH DAY,Damacai 大馬彩
2009-11-10,Tue,6841,山打根馬會,Special,151/09,Jam / 塞车,Sports Toto 多多
2009-02-11,Wed,6841,沙巴彩,Consolation,1194/09,Arrow / 弓箭,Magnum 4D 萬能
2009-02-11,Wed,6841,沙巴彩,Consolation,1194/09,EARTH DAY,Damacai 大馬彩
2009-02-11,Wed,6841,沙巴彩,Consolation,1194/09,Jam / 塞车,Sports Toto 多多
2008-10-08,Wed,6841,砂大萬,Special,2227/08,Arrow / 弓箭,Magnum 4D 萬能
2008-10-08,Wed,6841,砂大萬,Special,2227/08,EARTH DAY,Damacai 大馬彩
2008-10-08,Wed,6841,砂大萬,Special,2227/08,Jam / 塞车,Sports Toto 多多
2008-09-10,Wed,6841,大馬彩,Consolation,3003/08,Arrow / 弓箭,Magnum 4D 萬能
2008-09-10,Wed,6841,大馬彩,Consolation,3003/08,EARTH DAY,Damacai 大馬彩
2008-09-10,Wed,6841,大馬彩,Consolation,3003/08,Jam / 塞车,Sports Toto 多多
2008-06-08,Sun,6841,沙巴彩,Special,1082/08,Arrow / 弓箭,Magnum 4D 萬能
2008-06-08,Sun,6841,沙巴彩,Special,1082/08,EARTH DAY,Damacai 大馬彩
2008-06-08,Sun,6841,沙巴彩,Special,1082/08,Jam / 塞车,Sports Toto 多多
2008-01-16,Wed,6841,星池,Special,2647/2008,Arrow / 弓箭,Magnum 4D 萬能
2008-01-16,Wed,6841,星池,Special,2647/2008,EARTH DAY,Damacai 大馬彩
2008-01-16,Wed,6841,星池,Special,2647/2008,Jam / 塞车,Sports Toto 多多
2008-01-12,Sat,6841,萬能,Consolation,173/08,Arrow / 弓箭,Magnum 4D 萬能
2008-01-12,Sat,6841,萬能,Consolation,173/08,EARTH DAY,Damacai 大馬彩
2008-01-12,Sat,6841,萬能,Consolation,173/08,Jam / 塞车,Sports Toto 多多
2007-06-24,Sun,6841,大馬彩,Consolation,2806/07,Arrow / 弓箭,Magnum 4D 萬能
2007-06-24,Sun,6841,大馬彩,Consolation,2806/07,EARTH DAY,Damacai 大馬彩
2007-06-24,Sun,6841,大馬彩,Consolation,2806/07,Jam / 塞车,Sports Toto 多多
2006-12-06,Wed,6841,沙巴彩,2ND,831/06,Arrow / 弓箭,Magnum 4D 萬能
2006-12-06,Wed,6841,沙巴彩,2ND,831/06,EARTH DAY,Damacai 大馬彩
2006-12-06,Wed,6841,沙巴彩,2ND,831/06,Jam / 塞车,Sports Toto 多多
2005-11-19,Sat,6841,萬能,Special,139/05,Arrow / 弓箭,Magnum 4D 萬能
2005-11-19,Sat,6841,萬能,Special,139/05,EARTH DAY,Damacai 大馬彩
2005-11-19,Sat,6841,萬能,Special,139/05,Jam / 塞车,Sports Toto 多多
2005-08-03,Wed,6841,砂大萬,Special,1698/05,Arrow / 弓箭,Magnum 4D 萬能
2005-08-03,Wed,6841,砂大萬,Special,1698/05,EARTH DAY,Damacai 大馬彩
2005-08-03,Wed,6841,砂大萬,Special,1698/05,Jam / 塞车,Sports Toto 多多
2005-04-02,Sat,6841,多多,Special,2481/05,Arrow / 弓箭,Magnum 4D 萬能
2005-04-02,Sat,6841,多多,Special,2481/05,EARTH DAY,Damacai 大馬彩
2005-04-02,Sat,6841,多多,Special,2481/05,Jam / 塞车,Sports Toto 多多
2005-01-23,Sun,6841,沙巴彩,3RD,511/05,Arrow / 弓箭,Magnum 4D 萬能
2005-01-23,Sun,6841,沙巴彩,3RD,511/05,EARTH DAY,Damacai 大馬彩
2005-01-23,Sun,6841,沙巴彩,3RD,511/05,Jam / 塞车,Sports Toto 多多
2004-06-20,Sun,6841,砂大萬,1ST,1507/04,Arrow / 弓箭,Magnum 4D 萬能
2004-06-20,Sun,6841,砂大萬,1ST,1507/04,EARTH DAY,Damacai 大馬彩
2004-06-20,Sun,6841,砂大萬,1ST,1507/04,Jam / 塞车,Sports Toto 多多
2004-03-27,Sat,6841,星池,Special,2051/2004,Arrow / 弓箭,Magnum 4D 萬能
2004-03-27,Sat,6841,星池,Special,2051/2004,EARTH DAY,Damacai 大馬彩
2004-03-27,Sat,6841,星池,Special,2051/2004,Jam / 塞车,Sports Toto 多多
2004-02-25,Wed,6841,沙巴彩,3RD,363/04,Arrow / 弓箭,Magnum 4D 萬能
2004-02-25,Wed,6841,沙巴彩,3RD,363/04,EARTH DAY,Damacai 大馬彩
2004-02-25,Wed,6841,沙巴彩,3RD,363/04,Jam / 塞车,Sports Toto 多多
2003-12-14,Sun,6841,星池,Special,2007/2003,Arrow / 弓箭,Magnum 4D 萬能
2003-12-14,Sun,6841,星池,Special,2007/2003,EARTH DAY,Damacai 大馬彩
2003-12-14,Sun,6841,星池,Special,2007/2003,Jam / 塞车,Sports Toto 多多
2003-11-04,Tue,6841,砂大萬,Consolation,1406/03,Arrow / 弓箭,Magnum 4D 萬能
2003-11-04,Tue,6841,砂大萬,Consolation,1406/03,EARTH DAY,Damacai 大馬彩
2003-11-04,Tue,6841,砂大萬,Consolation,1406/03,Jam / 塞车,Sports Toto 多多
2003-08-20,Wed,6841,大馬彩,Special,2156/03,Arrow / 弓箭,Magnum 4D 萬能
2003-08-20,Wed,6841,大馬彩,Special,2156/03,EARTH DAY,Damacai 大馬彩
2003-08-20,Wed,6841,大馬彩,Special,2156/03,Jam / 塞车,Sports Toto 多多
2003-06-15,Sun,6841,多多,Special,2179/03,Arrow / 弓箭,Magnum 4D 萬能
2003-06-15,Sun,6841,多多,Special,2179/03,EARTH DAY,Damacai 大馬彩
2003-06-15,Sun,6841,多多,Special,2179/03,Jam / 塞车,Sports Toto 多多
2003-04-02,Wed,6841,沙巴彩,1ST,216/03,Arrow / 弓箭,Magnum 4D 萬能
2003-04-02,Wed,6841,沙巴彩,1ST,216/03,EARTH DAY,Damacai 大馬彩
2003-04-02,Wed,6841,沙巴彩,1ST,216/03,Jam / 塞车,Sports Toto 多多
2003-03-09,Sun,6841,萬能,Consolation,030/03,Arrow / 弓箭,Magnum 4D 萬能
2003-03-09,Sun,6841,萬能,Consolation,030/03,EARTH DAY,Damacai 大馬彩
2003-03-09,Sun,6841,萬能,Consolation,030/03,Jam / 塞车,Sports Toto 多多
2002-09-22,Sun,6841,多多,Special,2059/02,Arrow / 弓箭,Magnum 4D 萬能
2002-09-22,Sun,6841,多多,Special,2059/02,EARTH DAY,Damacai 大馬彩
2002-09-22,Sun,6841,多多,Special,2059/02,Jam / 塞车,Sports Toto 多多
2001-08-12,Sun,6841,大馬彩,Consolation,1825/01,Arrow / 弓箭,Magnum 4D 萬能
2001-08-12,Sun,6841,大馬彩,Consolation,1825/01,EARTH DAY,Damacai 大馬彩
2001-08-12,Sun,6841,大馬彩,Consolation,1825/01,Jam / 塞车,Sports Toto 多多
2001-08-01,Wed,6841,萬能,Consolation,091/01,Arrow / 弓箭,Magnum 4D 萬能
2001-08-01,Wed,6841,萬能,Consolation,091/01,EARTH DAY,Damacai 大馬彩
2001-08-01,Wed,6841,萬能,Consolation,091/01,Jam / 塞车,Sports Toto 多多
2001-06-30,Sat,6841,星池,Special,1622/2001,Arrow / 弓箭,Magnum 4D 萬能
2001-06-30,Sat,6841,星池,Special,1622/2001,EARTH DAY,Damacai 大馬彩
2001-06-30,Sat,6841,星池,Special,1622/2001,Jam / 塞车,Sports Toto 多多
2001-03-25,Sun,6841,多多,Special,1817/01,Arrow / 弓箭,Magnum 4D 萬能
2001-03-25,Sun,6841,多多,Special,1817/01,EARTH DAY,Damacai 大馬彩
2001-03-25,Sun,6841,多多,Special,1817/01,Jam / 塞车,Sports Toto 多多
2001-03-24,Sat,6841,多多,Special,1816/01,Arrow / 弓箭,Magnum 4D 萬能
2001-03-24,Sat,6841,多多,Special,1816/01,EARTH DAY,Damacai 大馬彩
2001-03-24,Sat,6841,多多,Special,1816/01,Jam / 塞车,Sports Toto 多多
2000-11-26,Sun,6841,砂大萬,Consolation,0921/00,Arrow / 弓箭,Magnum 4D 萬能
2000-11-26,Sun,6841,砂大萬,Consolation,0921/00,EARTH DAY,Damacai 大馬彩
2000-11-26,Sun,6841,砂大萬,Consolation,0921/00,Jam / 塞车,Sports Toto 多多
2000-06-14,Wed,6841,山打根馬會,Special,73/2000,Arrow / 弓箭,Magnum 4D 萬能
2000-06-14,Wed,6841,山打根馬會,Special,73/2000,EARTH DAY,Damacai 大馬彩
2000-06-14,Wed,6841,山打根馬會,Special,73/2000,Jam / 塞车,Sports Toto 多多
1998-12-26,Sat,6841,砂大萬,Consolation,0606/98,Arrow / 弓箭,Magnum 4D 萬能
1998-12-26,Sat,6841,砂大萬,Consolation,0606/98,EARTH DAY,Damacai 大馬彩
1998-12-26,Sat,6841,砂大萬,Consolation,0606/98,Jam / 塞车,Sports Toto 多多
1997-01-01,Wed,6841,大馬彩,Special,1084/97,Arrow / 弓箭,Magnum 4D 萬能
1997-01-01,Wed,6841,大馬彩,Special,1084/97,EARTH DAY,Damacai 大馬彩
1997-01-01,Wed,6841,大馬彩,Special,1084/97,Jam / 塞车,Sports Toto 多多
1996-06-23,Sun,6841,星池,Consolation,D19960623,Arrow / 弓箭,Magnum 4D 萬能
1996-06-23,Sun,6841,星池,Consolation,D19960623,EARTH DAY,Damacai 大馬彩
1996-06-23,Sun,6841,星池,Consolation,D19960623,Jam / 塞车,Sports Toto 多多
1995-06-18,Sun,6841,多多,Special,896/95,Arrow / 弓箭,Magnum 4D 萬能
1995-06-18,Sun,6841,多多,Special,896/95,EARTH DAY,Damacai 大馬彩
1995-06-18,Sun,6841,多多,Special,896/95,Jam / 塞车,Sports Toto 多多
1995-05-24,Wed,6841,多多,Consolation,885/95,Arrow / 弓箭,Magnum 4D 萬能
1995-05-24,Wed,6841,多多,Consolation,885/95,EARTH DAY,Damacai 大馬彩
1995-05-24,Wed,6841,多多,Consolation,885/95,Jam / 塞车,Sports Toto 多多
1995-01-01,Sun,6841,星池,Special,D19950101,Arrow / 弓箭,Magnum 4D 萬能
1995-01-01,Sun,6841,星池,Special,D19950101,EARTH DAY,Damacai 大馬彩
1995-01-01,Sun,6841,星池,Special,D19950101,Jam / 塞车,Sports Toto 多多
1994-11-16,Wed,6841,萬能,Special,138/94,Arrow / 弓箭,Magnum 4D 萬能
1994-11-16,Wed,6841,萬能,Special,138/94,EARTH DAY,Damacai 大馬彩
1994-11-16,Wed,6841,萬能,Special,138/94,Jam / 塞车,Sports Toto 多多
1994-10-08,Sat,6841,多多,Consolation,787/94,Arrow / 弓箭,Magnum 4D 萬能
1994-10-08,Sat,6841,多多,Consolation,787/94,EARTH DAY,Damacai 大馬彩
1994-10-08,Sat,6841,多多,Consolation,787/94,Jam / 塞车,Sports Toto 多多
1993-11-13,Sat,6841,大馬彩,1ST,0593/93,Arrow / 弓箭,Magnum 4D 萬能
1993-11-13,Sat,6841,大馬彩,1ST,0593/93,EARTH DAY,Damacai 大馬彩
1993-11-13,Sat,6841,大馬彩,1ST,0593/93,Jam / 塞车,Sports Toto 多多
1993-05-08,Sat,6841,大馬彩,3RD,0512/93,Arrow / 弓箭,Magnum 4D 萬能
1993-05-08,Sat,6841,大馬彩,3RD,0512/93,EARTH DAY,Damacai 大馬彩
1993-05-08,Sat,6841,大馬彩,3RD,0512/93,Jam / 塞车,Sports Toto 多多
1992-05-13,Wed,6841,大馬彩,Consolation,0358/92,Arrow / 弓箭,Magnum 4D 萬能
1992-05-13,Wed,6841,大馬彩,Consolation,0358/92,EARTH DAY,Damacai 大馬彩
1992-05-13,Wed,6841,大馬彩,Consolation,0358/92,Jam / 塞车,Sports Toto 多多
1990-01-14,Sun,6841,大馬彩,Consolation,0040/90,Arrow / 弓箭,Magnum 4D 萬能
1990-01-14,Sun,6841,大馬彩,Consolation,0040/90,EARTH DAY,Damacai 大馬彩
1990-01-14,Sun,6841,大馬彩,Consolation,0040/90,Jam / 塞车,Sports Toto 多多
