开彩日期,开彩日,彩号,秦庄,彩金,抽奖,史记秦本纪,史记楚辞,史记秦庄
2024-09-29,周日,5277,砂大萬,安慰奖,5022/24,加薪,Increment,萬能
2024-09-29,周日,5277,砂大萬,安慰奖,5022/24,"",INCREMENT,大馬彩
2024-09-29,周日,5277,砂大萬,安慰奖,5022/24,加薪,Salary increases,多多
2023-10-11,周三,5277,星池,特别奖,5077,加薪,Increment,萬能
2023-10-11,周三,5277,星池,特别奖,5077,"",INCREMENT,大馬彩
2023-10-11,周三,5277,星池,特别奖,5077,加薪,Salary increases,多多
2022-07-27,周三,5277,砂大萬,特别奖,4654/22,加薪,Increment,萬能
2022-07-27,周三,5277,砂大萬,特别奖,4654/22,"",INCREMENT,大馬彩
2022-07-27,周三,5277,砂大萬,特别奖,4654/22,加薪,Salary increases,多多
2022-06-29,周三,5277,山打根馬會,特别奖,085/22,加薪,Increment,萬能
2022-06-29,周三,5277,山打根馬會,特别奖,085/22,"",INCREMENT,大馬彩
2022-06-29,周三,5277,山打根馬會,特别奖,085/22,加薪,Salary increases,多多
2022-02-08,周二,5277,多多,安慰奖,5415/22,加薪,Increment,萬能
2022-02-08,周二,5277,多多,安慰奖,5415/22,"",INCREMENT,大馬彩
2022-02-08,周二,5277,多多,安慰奖,5415/22,加薪,Salary increases,多多
2021-05-08,周六,5277,萬能,特别奖,516/21,加薪,Increment,萬能
2021-05-08,周六,5277,萬能,特别奖,516/21,"",INCREMENT,大馬彩
2021-05-08,周六,5277,萬能,特别奖,516/21,加薪,Salary increases,多多
2021-05-01,周六,5277,多多,特别奖,5277/21,加薪,Increment,萬能
2021-05-01,周六,5277,多多,特别奖,5277/21,"",INCREMENT,大馬彩
2021-05-01,周六,5277,多多,特别奖,5277/21,加薪,Salary increases,多多
2020-12-16,周三,5277,萬能,特别奖,448/20,加薪,Increment,萬能
2020-12-16,周三,5277,萬能,特别奖,448/20,"",INCREMENT,大馬彩
2020-12-16,周三,5277,萬能,特别奖,448/20,加薪,Salary increases,多多
2019-05-04,周六,5277,山打根馬會,安慰奖,057/19,加薪,Increment,萬能
2019-05-04,周六,5277,山打根馬會,安慰奖,057/19,"",INCREMENT,大馬彩
2019-05-04,周六,5277,山打根馬會,安慰奖,057/19,加薪,Salary increases,多多
2019-01-27,周日,5277,萬能,安慰奖,133/19,加薪,Increment,萬能
2019-01-27,周日,5277,萬能,安慰奖,133/19,"",INCREMENT,大馬彩
2019-01-27,周日,5277,萬能,安慰奖,133/19,加薪,Salary increases,多多
2019-01-09,周三,5277,萬能,安慰奖,125/19,加薪,Increment,萬能
2019-01-09,周三,5277,萬能,安慰奖,125/19,"",INCREMENT,大馬彩
2019-01-09,周三,5277,萬能,安慰奖,125/19,加薪,Salary increases,多多
2018-09-15,周六,5277,多多,特别奖,4832/18,加薪,Increment,萬能
2018-09-15,周六,5277,多多,特别奖,4832/18,"",INCREMENT,大馬彩
2018-09-15,周六,5277,多多,特别奖,4832/18,加薪,Salary increases,多多
2017-05-14,周日,5277,萬能,安慰奖,826/17,加薪,Increment,萬能
2017-05-14,周日,5277,萬能,安慰奖,826/17,"",INCREMENT,大馬彩
2017-05-14,周日,5277,萬能,安慰奖,826/17,加薪,Salary increases,多多
2016-12-31,周六,5277,萬能,二奖,756/16,加薪,Increment,萬能
2016-12-31,周六,5277,萬能,二奖,756/16,"",INCREMENT,大馬彩
2016-12-31,周六,5277,萬能,二奖,756/16,加薪,Salary increases,多多
2014-03-19,周三,5277,砂大萬,安慰奖,3191/14,加薪,Increment,萬能
2014-03-19,周三,5277,砂大萬,安慰奖,3191/14,"",INCREMENT,大馬彩
2014-03-19,周三,5277,砂大萬,安慰奖,3191/14,加薪,Salary increases,多多
2014-03-19,周三,5277,星池,特别奖,3613,加薪,Increment,萬能
2014-03-19,周三,5277,星池,特别奖,3613,"",INCREMENT,大馬彩
2014-03-19,周三,5277,星池,特别奖,3613,加薪,Salary increases,多多
2013-08-07,周三,5277,萬能,安慰奖,144/13,加薪,Increment,萬能
2013-08-07,周三,5277,萬能,安慰奖,144/13,"",INCREMENT,大馬彩
2013-08-07,周三,5277,萬能,安慰奖,144/13,加薪,Salary increases,多多
2013-06-25,周二,5277,萬能,特别奖,124/13,加薪,Increment,萬能
2013-06-25,周二,5277,萬能,特别奖,124/13,"",INCREMENT,大馬彩
2013-06-25,周二,5277,萬能,特别奖,124/13,加薪,Salary increases,多多
2011-05-14,周六,5277,沙巴彩,特别奖,1591/11,加薪,Increment,萬能
2011-05-14,周六,5277,沙巴彩,特别奖,1591/11,"",INCREMENT,大馬彩
2011-05-14,周六,5277,沙巴彩,特别奖,1591/11,加薪,Salary increases,多多
2011-05-04,周三,5277,沙巴彩,安慰奖,1587/11,加薪,Increment,萬能
2011-05-04,周三,5277,沙巴彩,安慰奖,1587/11,"",INCREMENT,大馬彩
2011-05-04,周三,5277,沙巴彩,安慰奖,1587/11,加薪,Salary increases,多多
2010-11-24,周三,5277,星池,三奖,3094/2010,加薪,Increment,萬能
2010-11-24,周三,5277,星池,三奖,3094/2010,"",INCREMENT,大馬彩
2010-11-24,周三,5277,星池,三奖,3094/2010,加薪,Salary increases,多多
2010-11-13,周六,5277,山打根馬會,特别奖,154/10,加薪,Increment,萬能
2010-11-13,周六,5277,山打根馬會,特别奖,154/10,"",INCREMENT,大馬彩
2010-11-13,周六,5277,山打根馬會,特别奖,154/10,加薪,Salary increases,多多
2010-02-03,周三,5277,砂大萬,安慰奖,2458/10,加薪,Increment,萬能
2010-02-03,周三,5277,砂大萬,安慰奖,2458/10,"",INCREMENT,大馬彩
2010-02-03,周三,5277,砂大萬,安慰奖,2458/10,加薪,Salary increases,多多
2010-01-10,周日,5277,萬能,安慰奖,509/10,加薪,Increment,萬能
2010-01-10,周日,5277,萬能,安慰奖,509/10,"",INCREMENT,大馬彩
2010-01-10,周日,5277,萬能,安慰奖,509/10,加薪,Salary increases,多多
2009-08-18,周二,5277,萬能,特别奖,437/09,加薪,Increment,萬能
2009-08-18,周二,5277,萬能,特别奖,437/09,"",INCREMENT,大馬彩
2009-08-18,周二,5277,萬能,特别奖,437/09,加薪,Salary increases,多多
2008-12-27,周六,5277,萬能,安慰奖,327/08,加薪,Increment,萬能
2008-12-27,周六,5277,萬能,安慰奖,327/08,"",INCREMENT,大馬彩
2008-12-27,周六,5277,萬能,安慰奖,327/08,加薪,Salary increases,多多
2008-04-06,周日,5277,沙巴彩,安慰奖,1055/08,加薪,Increment,萬能
2008-04-06,周日,5277,沙巴彩,安慰奖,1055/08,"",INCREMENT,大馬彩
2008-04-06,周日,5277,沙巴彩,安慰奖,1055/08,加薪,Salary increases,多多
2008-03-16,周日,5277,星池,特别奖,2673/2008,加薪,Increment,萬能
2008-03-16,周日,5277,星池,特别奖,2673/2008,"",INCREMENT,大馬彩
2008-03-16,周日,5277,星池,特别奖,2673/2008,加薪,Salary increases,多多
2007-11-21,周三,5277,山打根馬會,安慰奖,148/07,加薪,Increment,萬能
2007-11-21,周三,5277,山打根馬會,安慰奖,148/07,"",INCREMENT,大馬彩
2007-11-21,周三,5277,山打根馬會,安慰奖,148/07,加薪,Salary increases,多多
2007-09-30,周日,5277,大馬彩,特别奖,2850/07,加薪,Increment,萬能
2007-09-30,周日,5277,大馬彩,特别奖,2850/07,"",INCREMENT,大馬彩
2007-09-30,周日,5277,大馬彩,特别奖,2850/07,加薪,Salary increases,多多
2007-03-14,周三,5277,砂大萬,安慰奖,1971/07,加薪,Increment,萬能
2007-03-14,周三,5277,砂大萬,安慰奖,1971/07,"",INCREMENT,大馬彩
2007-03-14,周三,5277,砂大萬,安慰奖,1971/07,加薪,Salary increases,多多
2006-09-23,周六,5277,砂大萬,首奖,1892/06,加薪,Increment,萬能
2006-09-23,周六,5277,砂大萬,首奖,1892/06,"",INCREMENT,大馬彩
2006-09-23,周六,5277,砂大萬,首奖,1892/06,加薪,Salary increases,多多
2006-06-07,周三,5277,星池,首奖,2395/2006,加薪,Increment,萬能
2006-06-07,周三,5277,星池,首奖,2395/2006,"",INCREMENT,大馬彩
2006-06-07,周三,5277,星池,首奖,2395/2006,加薪,Salary increases,多多
2005-11-27,周日,5277,砂大萬,特别奖,1753/05,加薪,Increment,萬能
2005-11-27,周日,5277,砂大萬,特别奖,1753/05,"",INCREMENT,大馬彩
2005-11-27,周日,5277,砂大萬,特别奖,1753/05,加薪,Salary increases,多多
2005-01-08,周六,5277,沙巴彩,安慰奖,504/05,加薪,Increment,萬能
2005-01-08,周六,5277,沙巴彩,安慰奖,504/05,"",INCREMENT,大馬彩
2005-01-08,周六,5277,沙巴彩,安慰奖,504/05,加薪,Salary increases,多多
2004-10-20,周三,5277,多多,安慰奖,2403/04,加薪,Increment,萬能
2004-10-20,周三,5277,多多,安慰奖,2403/04,"",INCREMENT,大馬彩
2004-10-20,周三,5277,多多,安慰奖,2403/04,加薪,Salary increases,多多
2004-07-10,周六,5277,山打根馬會,特别奖,084/04,加薪,Increment,萬能
2004-07-10,周六,5277,山打根馬會,特别奖,084/04,"",INCREMENT,大馬彩
2004-07-10,周六,5277,山打根馬會,特别奖,084/04,加薪,Salary increases,多多
2004-06-19,周六,5277,沙巴彩,安慰奖,415/04,加薪,Increment,萬能
2004-06-19,周六,5277,沙巴彩,安慰奖,415/04,"",INCREMENT,大馬彩
2004-06-19,周六,5277,沙巴彩,安慰奖,415/04,加薪,Salary increases,多多
2004-03-20,周六,5277,萬能,二奖,034/04,加薪,Increment,萬能
2004-03-20,周六,5277,萬能,二奖,034/04,"",INCREMENT,大馬彩
2004-03-20,周六,5277,萬能,二奖,034/04,加薪,Salary increases,多多
2003-08-27,周三,5277,山打根馬會,安慰奖,109/03,加薪,Increment,萬能
2003-08-27,周三,5277,山打根馬會,安慰奖,109/03,"",INCREMENT,大馬彩
2003-08-27,周三,5277,山打根馬會,安慰奖,109/03,加薪,Salary increases,多多
2003-08-20,周三,5277,沙巴彩,安慰奖,279/03,加薪,Increment,萬能
2003-08-20,周三,5277,沙巴彩,安慰奖,279/03,"",INCREMENT,大馬彩
2003-08-20,周三,5277,沙巴彩,安慰奖,279/03,加薪,Salary increases,多多
2003-06-14,周六,5277,大馬彩,特别奖,2126/03,加薪,Increment,萬能
2003-06-14,周六,5277,大馬彩,特别奖,2126/03,"",INCREMENT,大馬彩
2003-06-14,周六,5277,大馬彩,特别奖,2126/03,加薪,Salary increases,多多
2003-04-12,周六,5277,萬能,特别奖,044/03,加薪,Increment,萬能
2003-04-12,周六,5277,萬能,特别奖,044/03,"",INCREMENT,大馬彩
2003-04-12,周六,5277,萬能,特别奖,044/03,加薪,Salary increases,多多
2003-02-05,周三,5277,萬能,安慰奖,016/03,加薪,Increment,萬能
2003-02-05,周三,5277,萬能,安慰奖,016/03,"",INCREMENT,大馬彩
2003-02-05,周三,5277,萬能,安慰奖,016/03,加薪,Salary increases,多多
2002-10-05,周六,5277,萬能,特别奖,119/02,加薪,Increment,萬能
2002-10-05,周六,5277,萬能,特别奖,119/02,"",INCREMENT,大馬彩
2002-10-05,周六,5277,萬能,特别奖,119/02,加薪,Salary increases,多多
2002-08-25,周日,5277,山打根馬會,特别奖,108/02,加薪,Increment,萬能
2002-08-25,周日,5277,山打根馬會,特别奖,108/02,"",INCREMENT,大馬彩
2002-08-25,周日,5277,山打根馬會,特别奖,108/02,加薪,Salary increases,多多
2002-03-03,周日,5277,山打根馬會,特别奖,28/02,加薪,Increment,萬能
2002-03-03,周日,5277,山打根馬會,特别奖,28/02,"",INCREMENT,大馬彩
2002-03-03,周日,5277,山打根馬會,特别奖,28/02,加薪,Salary increases,多多
2001-12-05,周三,5277,萬能,特别奖,145/01,加薪,Increment,萬能
2001-12-05,周三,5277,萬能,特别奖,145/01,"",INCREMENT,大馬彩
2001-12-05,周三,5277,萬能,特别奖,145/01,加薪,Salary increases,多多
2001-08-11,周六,5277,山打根馬會,三奖,99/2001,加薪,Increment,萬能
2001-08-11,周六,5277,山打根馬會,三奖,99/2001,"",INCREMENT,大馬彩
2001-08-11,周六,5277,山打根馬會,三奖,99/2001,加薪,Salary increases,多多
2001-05-09,周三,5277,砂大萬,安慰奖,0994/01,加薪,Increment,萬能
2001-05-09,周三,5277,砂大萬,安慰奖,0994/01,"",INCREMENT,大馬彩
2001-05-09,周三,5277,砂大萬,安慰奖,0994/01,加薪,Salary increases,多多
2001-01-06,周六,5277,砂大萬,特别奖,0939/01,加薪,Increment,萬能
2001-01-06,周六,5277,砂大萬,特别奖,0939/01,"",INCREMENT,大馬彩
2001-01-06,周六,5277,砂大萬,特别奖,0939/01,加薪,Salary increases,多多
2000-06-10,周六,5277,多多,特别奖,1688/00,加薪,Increment,萬能
2000-06-10,周六,5277,多多,特别奖,1688/00,"",INCREMENT,大馬彩
2000-06-10,周六,5277,多多,特别奖,1688/00,加薪,Salary increases,多多
2000-02-20,周日,5277,山打根馬會,安慰奖,24/2000,加薪,Increment,萬能
2000-02-20,周日,5277,山打根馬會,安慰奖,24/2000,"",INCREMENT,大馬彩
2000-02-20,周日,5277,山打根馬會,安慰奖,24/2000,加薪,Salary increases,多多
1999-01-20,周三,5277,多多,安慰奖,1460/99,加薪,Increment,萬能
1999-01-20,周三,5277,多多,安慰奖,1460/99,"",INCREMENT,大馬彩
1999-01-20,周三,5277,多多,安慰奖,1460/99,加薪,Salary increases,多多
1998-10-10,周六,5277,星池,特别奖,D19981010,加薪,Increment,萬能
1998-10-10,周六,5277,星池,特别奖,D19981010,"",INCREMENT,大馬彩
1998-10-10,周六,5277,星池,特别奖,D19981010,加薪,Salary increases,多多
1998-05-30,周六,5277,萬能,安慰奖,064/98,加薪,Increment,萬能
1998-05-30,周六,5277,萬能,安慰奖,064/98,"",INCREMENT,大馬彩
1998-05-30,周六,5277,萬能,安慰奖,064/98,加薪,Salary increases,多多
1997-10-12,周日,5277,多多,特别奖,1259/97,加薪,Increment,萬能
1997-10-12,周日,5277,多多,特别奖,1259/97,"",INCREMENT,大馬彩
1997-10-12,周日,5277,多多,特别奖,1259/97,加薪,Salary increases,多多
1997-09-13,周六,5277,大馬彩,安慰奖,1193/97,加薪,Increment,萬能
1997-09-13,周六,5277,大馬彩,安慰奖,1193/97,"",INCREMENT,大馬彩
1997-09-13,周六,5277,大馬彩,安慰奖,1193/97,加薪,Salary increases,多多
1997-09-06,周六,5277,萬能,安慰奖,107/97,加薪,Increment,萬能
1997-09-06,周六,5277,萬能,安慰奖,107/97,"",INCREMENT,大馬彩
1997-09-06,周六,5277,萬能,安慰奖,107/97,加薪,Salary increases,多多
1997-05-10,周六,5277,萬能,特别奖,056/97,加薪,Increment,萬能
1997-05-10,周六,5277,萬能,特别奖,056/97,"",INCREMENT,大馬彩
1997-05-10,周六,5277,萬能,特别奖,056/97,加薪,Salary increases,多多
1996-09-28,周六,5277,多多,安慰奖,1096/96,加薪,Increment,萬能
1996-09-28,周六,5277,多多,安慰奖,1096/96,"",INCREMENT,大馬彩
1996-09-28,周六,5277,多多,安慰奖,1096/96,加薪,Salary increases,多多
1996-06-08,周六,5277,山打根馬會,首奖,68/1996,加薪,Increment,萬能
1996-06-08,周六,5277,山打根馬會,首奖,68/1996,"",INCREMENT,大馬彩
1996-06-08,周六,5277,山打根馬會,首奖,68/1996,加薪,Salary increases,多多
1996-03-27,周三,5277,山打根馬會,三奖,37/1996,加薪,Increment,萬能
1996-03-27,周三,5277,山打根馬會,三奖,37/1996,"",INCREMENT,大馬彩
1996-03-27,周三,5277,山打根馬會,三奖,37/1996,加薪,Salary increases,多多
1995-04-23,周日,5277,大馬彩,特别奖,0819/95,加薪,Increment,萬能
1995-04-23,周日,5277,大馬彩,特别奖,0819/95,"",INCREMENT,大馬彩
1995-04-23,周日,5277,大馬彩,特别奖,0819/95,加薪,Salary increases,多多
1994-06-19,周日,5277,大馬彩,特别奖,0687/94,加薪,Increment,萬能
1994-06-19,周日,5277,大馬彩,特别奖,0687/94,"",INCREMENT,大馬彩
1994-06-19,周日,5277,大馬彩,特别奖,0687/94,加薪,Salary increases,多多
1994-05-11,周三,5277,多多,三奖,722/94,加薪,Increment,萬能
1994-05-11,周三,5277,多多,三奖,722/94,"",INCREMENT,大馬彩
1994-05-11,周三,5277,多多,三奖,722/94,加薪,Salary increases,多多
1992-12-23,周三,5277,多多,安慰奖,506/92,加薪,Increment,萬能
1992-12-23,周三,5277,多多,安慰奖,506/92,"",INCREMENT,大馬彩
1992-12-23,周三,5277,多多,安慰奖,506/92,加薪,Salary increases,多多
1991-07-13,周六,5277,萬能,特别奖,083/91,加薪,Increment,萬能
1991-07-13,周六,5277,萬能,特别奖,083/91,"",INCREMENT,大馬彩
1991-07-13,周六,5277,萬能,特别奖,083/91,加薪,Salary increases,多多
1990-12-15,周六,5277,星池,特别奖,D19901215,加薪,Increment,萬能
1990-12-15,周六,5277,星池,特别奖,D19901215,"",INCREMENT,大馬彩
1990-12-15,周六,5277,星池,特别奖,D19901215,加薪,Salary increases,多多
1990-09-08,周六,5277,大馬彩,安慰奖,0107/90,加薪,Increment,萬能
1990-09-08,周六,5277,大馬彩,安慰奖,0107/90,"",INCREMENT,大馬彩
1990-09-08,周六,5277,大馬彩,安慰奖,0107/90,加薪,Salary increases,多多
1990-05-07,周一,5277,萬能,安慰奖,055/90,加薪,Increment,萬能
1990-05-07,周一,5277,萬能,安慰奖,055/90,"",INCREMENT,大馬彩
1990-05-07,周一,5277,萬能,安慰奖,055/90,加薪,Salary increases,多多
1988-12-18,周日,5277,星池,安慰奖,D19881218,加薪,Increment,萬能
1988-12-18,周日,5277,星池,安慰奖,D19881218,"",INCREMENT,大馬彩
1988-12-18,周日,5277,星池,安慰奖,D19881218,加薪,Salary increases,多多
1988-12-12,周一,5277,萬能,安慰奖,149/88,加薪,Increment,萬能
1988-12-12,周一,5277,萬能,安慰奖,149/88,"",INCREMENT,大馬彩
1988-12-12,周一,5277,萬能,安慰奖,149/88,加薪,Salary increases,多多
1988-11-12,周六,5277,萬能,安慰奖,136/88,加薪,Increment,萬能
1988-11-12,周六,5277,萬能,安慰奖,136/88,"",INCREMENT,大馬彩
1988-11-12,周六,5277,萬能,安慰奖,136/88,加薪,Salary increases,多多
1988-10-24,周一,5277,萬能,安慰奖,128/88,加薪,Increment,萬能
1988-10-24,周一,5277,萬能,安慰奖,128/88,"",INCREMENT,大馬彩
1988-10-24,周一,5277,萬能,安慰奖,128/88,加薪,Salary increases,多多
