开彩日期,开彩日,彩号,秦庄,彩金,抽奖,史记秦本纪,史记楚辞,史记秦庄
2024-03-17,周日,8834,大馬彩,安慰奖,5723/24,尤柏杯,Uber Cup,萬能
2024-03-17,周日,8834,大馬彩,安慰奖,5723/24,"",PART FOREVER,大馬彩
2024-03-17,周日,8834,大馬彩,安慰奖,5723/24,劳动节,Labour Day,多多
2022-11-16,周三,8834,星池,首奖,4936,尤柏杯,Uber Cup,萬能
2022-11-16,周三,8834,星池,首奖,4936,"",PART FOREVER,大馬彩
2022-11-16,周三,8834,星池,首奖,4936,劳动节,Labour Day,多多
2022-03-05,周六,8834,沙巴彩,首奖,3493/22,尤柏杯,Uber Cup,萬能
2022-03-05,周六,8834,沙巴彩,首奖,3493/22,"",PART FOREVER,大馬彩
2022-03-05,周六,8834,沙巴彩,首奖,3493/22,劳动节,Labour Day,多多
2021-04-03,周六,8834,沙巴彩,安慰奖,3330/21,尤柏杯,Uber Cup,萬能
2021-04-03,周六,8834,沙巴彩,安慰奖,3330/21,"",PART FOREVER,大馬彩
2021-04-03,周六,8834,沙巴彩,安慰奖,3330/21,劳动节,Labour Day,多多
2020-11-21,周六,8834,多多,安慰奖,5200/20,尤柏杯,Uber Cup,萬能
2020-11-21,周六,8834,多多,安慰奖,5200/20,"",PART FOREVER,大馬彩
2020-11-21,周六,8834,多多,安慰奖,5200/20,劳动节,Labour Day,多多
2020-09-16,周三,8834,山打根馬會,特别奖,078/20,尤柏杯,Uber Cup,萬能
2020-09-16,周三,8834,山打根馬會,特别奖,078/20,"",PART FOREVER,大馬彩
2020-09-16,周三,8834,山打根馬會,特别奖,078/20,劳动节,Labour Day,多多
2020-07-04,周六,8834,沙巴彩,特别奖,3202/20,尤柏杯,Uber Cup,萬能
2020-07-04,周六,8834,沙巴彩,特别奖,3202/20,"",PART FOREVER,大馬彩
2020-07-04,周六,8834,沙巴彩,特别奖,3202/20,劳动节,Labour Day,多多
2018-11-14,周三,8834,大馬彩,特别奖,4809/18,尤柏杯,Uber Cup,萬能
2018-11-14,周三,8834,大馬彩,特别奖,4809/18,"",PART FOREVER,大馬彩
2018-11-14,周三,8834,大馬彩,特别奖,4809/18,劳动节,Labour Day,多多
2018-02-20,周二,8834,大馬彩,特别奖,4680/18,尤柏杯,Uber Cup,萬能
2018-02-20,周二,8834,大馬彩,特别奖,4680/18,"",PART FOREVER,大馬彩
2018-02-20,周二,8834,大馬彩,特别奖,4680/18,劳动节,Labour Day,多多
2017-11-01,周三,8834,山打根馬會,安慰奖,149/17,尤柏杯,Uber Cup,萬能
2017-11-01,周三,8834,山打根馬會,安慰奖,149/17,"",PART FOREVER,大馬彩
2017-11-01,周三,8834,山打根馬會,安慰奖,149/17,劳动节,Labour Day,多多
2017-08-29,周二,8834,大馬彩,首奖,4592/17,尤柏杯,Uber Cup,萬能
2017-08-29,周二,8834,大馬彩,首奖,4592/17,"",PART FOREVER,大馬彩
2017-08-29,周二,8834,大馬彩,首奖,4592/17,劳动节,Labour Day,多多
2016-08-20,周六,8834,多多,安慰奖,4462/16,尤柏杯,Uber Cup,萬能
2016-08-20,周六,8834,多多,安慰奖,4462/16,"",PART FOREVER,大馬彩
2016-08-20,周六,8834,多多,安慰奖,4462/16,劳动节,Labour Day,多多
2015-07-12,周日,8834,萬能,安慰奖,489/15,尤柏杯,Uber Cup,萬能
2015-07-12,周日,8834,萬能,安慰奖,489/15,"",PART FOREVER,大馬彩
2015-07-12,周日,8834,萬能,安慰奖,489/15,劳动节,Labour Day,多多
2015-02-25,周三,8834,萬能,特别奖,423/15,尤柏杯,Uber Cup,萬能
2015-02-25,周三,8834,萬能,特别奖,423/15,"",PART FOREVER,大馬彩
2015-02-25,周三,8834,萬能,特别奖,423/15,劳动节,Labour Day,多多
2014-10-05,周日,8834,山打根馬會,特别奖,136/14,尤柏杯,Uber Cup,萬能
2014-10-05,周日,8834,山打根馬會,特别奖,136/14,"",PART FOREVER,大馬彩
2014-10-05,周日,8834,山打根馬會,特别奖,136/14,劳动节,Labour Day,多多
2014-08-30,周六,8834,大馬彩,安慰奖,4057/14,尤柏杯,Uber Cup,萬能
2014-08-30,周六,8834,大馬彩,安慰奖,4057/14,"",PART FOREVER,大馬彩
2014-08-30,周六,8834,大馬彩,安慰奖,4057/14,劳动节,Labour Day,多多
2014-04-23,周三,8834,沙巴彩,特别奖,2117/14,尤柏杯,Uber Cup,萬能
2014-04-23,周三,8834,沙巴彩,特别奖,2117/14,"",PART FOREVER,大馬彩
2014-04-23,周三,8834,沙巴彩,特别奖,2117/14,劳动节,Labour Day,多多
2013-08-03,周六,8834,山打根馬會,安慰奖,105/13,尤柏杯,Uber Cup,萬能
2013-08-03,周六,8834,山打根馬會,安慰奖,105/13,"",PART FOREVER,大馬彩
2013-08-03,周六,8834,山打根馬會,安慰奖,105/13,劳动节,Labour Day,多多
2013-04-21,周日,8834,山打根馬會,特别奖,56/13,尤柏杯,Uber Cup,萬能
2013-04-21,周日,8834,山打根馬會,特别奖,56/13,"",PART FOREVER,大馬彩
2013-04-21,周日,8834,山打根馬會,特别奖,56/13,劳动节,Labour Day,多多
2013-02-05,周二,8834,萬能,安慰奖,055/13,尤柏杯,Uber Cup,萬能
2013-02-05,周二,8834,萬能,安慰奖,055/13,"",PART FOREVER,大馬彩
2013-02-05,周二,8834,萬能,安慰奖,055/13,劳动节,Labour Day,多多
2013-01-02,周三,8834,星池,安慰奖,3424/2013,尤柏杯,Uber Cup,萬能
2013-01-02,周三,8834,星池,安慰奖,3424/2013,"",PART FOREVER,大馬彩
2013-01-02,周三,8834,星池,安慰奖,3424/2013,劳动节,Labour Day,多多
2011-09-11,周日,8834,多多,安慰奖,3581/11,尤柏杯,Uber Cup,萬能
2011-09-11,周日,8834,多多,安慰奖,3581/11,"",PART FOREVER,大馬彩
2011-09-11,周日,8834,多多,安慰奖,3581/11,劳动节,Labour Day,多多
2011-06-11,周六,8834,沙巴彩,安慰奖,1604/11,尤柏杯,Uber Cup,萬能
2011-06-11,周六,8834,沙巴彩,安慰奖,1604/11,"",PART FOREVER,大馬彩
2011-06-11,周六,8834,沙巴彩,安慰奖,1604/11,劳动节,Labour Day,多多
2011-04-16,周六,8834,大馬彩,安慰奖,3458/11,尤柏杯,Uber Cup,萬能
2011-04-16,周六,8834,大馬彩,安慰奖,3458/11,"",PART FOREVER,大馬彩
2011-04-16,周六,8834,大馬彩,安慰奖,3458/11,劳动节,Labour Day,多多
2011-01-22,周六,8834,沙巴彩,特别奖,1534/11,尤柏杯,Uber Cup,萬能
2011-01-22,周六,8834,沙巴彩,特别奖,1534/11,"",PART FOREVER,大馬彩
2011-01-22,周六,8834,沙巴彩,特别奖,1534/11,劳动节,Labour Day,多多
2011-01-01,周六,8834,萬能,安慰奖,681/11,尤柏杯,Uber Cup,萬能
2011-01-01,周六,8834,萬能,安慰奖,681/11,"",PART FOREVER,大馬彩
2011-01-01,周六,8834,萬能,安慰奖,681/11,劳动节,Labour Day,多多
2010-11-10,周三,8834,大馬彩,安慰奖,3382/10,尤柏杯,Uber Cup,萬能
2010-11-10,周三,8834,大馬彩,安慰奖,3382/10,"",PART FOREVER,大馬彩
2010-11-10,周三,8834,大馬彩,安慰奖,3382/10,劳动节,Labour Day,多多
2009-10-03,周六,8834,星池,特别奖,2915/2009,尤柏杯,Uber Cup,萬能
2009-10-03,周六,8834,星池,特别奖,2915/2009,"",PART FOREVER,大馬彩
2009-10-03,周六,8834,星池,特别奖,2915/2009,劳动节,Labour Day,多多
2009-04-19,周日,8834,砂大萬,安慰奖,2319/09,尤柏杯,Uber Cup,萬能
2009-04-19,周日,8834,砂大萬,安慰奖,2319/09,"",PART FOREVER,大馬彩
2009-04-19,周日,8834,砂大萬,安慰奖,2319/09,劳动节,Labour Day,多多
2009-01-17,周六,8834,星池,三奖,2804/2009,尤柏杯,Uber Cup,萬能
2009-01-17,周六,8834,星池,三奖,2804/2009,"",PART FOREVER,大馬彩
2009-01-17,周六,8834,星池,三奖,2804/2009,劳动节,Labour Day,多多
2008-12-20,周六,8834,星池,安慰奖,2792/2008,尤柏杯,Uber Cup,萬能
2008-12-20,周六,8834,星池,安慰奖,2792/2008,"",PART FOREVER,大馬彩
2008-12-20,周六,8834,星池,安慰奖,2792/2008,劳动节,Labour Day,多多
2008-11-22,周六,8834,山打根馬會,特别奖,143/08,尤柏杯,Uber Cup,萬能
2008-11-22,周六,8834,山打根馬會,特别奖,143/08,"",PART FOREVER,大馬彩
2008-11-22,周六,8834,山打根馬會,特别奖,143/08,劳动节,Labour Day,多多
2008-10-19,周日,8834,萬能,特别奖,295/08,尤柏杯,Uber Cup,萬能
2008-10-19,周日,8834,萬能,特别奖,295/08,"",PART FOREVER,大馬彩
2008-10-19,周日,8834,萬能,特别奖,295/08,劳动节,Labour Day,多多
2008-06-18,周三,8834,沙巴彩,安慰奖,1086/08,尤柏杯,Uber Cup,萬能
2008-06-18,周三,8834,沙巴彩,安慰奖,1086/08,"",PART FOREVER,大馬彩
2008-06-18,周三,8834,沙巴彩,安慰奖,1086/08,劳动节,Labour Day,多多
2007-09-01,周六,8834,砂大萬,特别奖,2051/07,尤柏杯,Uber Cup,萬能
2007-09-01,周六,8834,砂大萬,特别奖,2051/07,"",PART FOREVER,大馬彩
2007-09-01,周六,8834,砂大萬,特别奖,2051/07,劳动节,Labour Day,多多
2007-05-13,周日,8834,大馬彩,特别奖,2787/07,尤柏杯,Uber Cup,萬能
2007-05-13,周日,8834,大馬彩,特别奖,2787/07,"",PART FOREVER,大馬彩
2007-05-13,周日,8834,大馬彩,特别奖,2787/07,劳动节,Labour Day,多多
2006-07-02,周日,8834,砂大萬,安慰奖,1855/06,尤柏杯,Uber Cup,萬能
2006-07-02,周日,8834,砂大萬,安慰奖,1855/06,"",PART FOREVER,大馬彩
2006-07-02,周日,8834,砂大萬,安慰奖,1855/06,劳动节,Labour Day,多多
2006-03-19,周日,8834,沙巴彩,安慰奖,714/06,尤柏杯,Uber Cup,萬能
2006-03-19,周日,8834,沙巴彩,安慰奖,714/06,"",PART FOREVER,大馬彩
2006-03-19,周日,8834,沙巴彩,安慰奖,714/06,劳动节,Labour Day,多多
2005-10-09,周日,8834,山打根馬會,二奖,135/05,尤柏杯,Uber Cup,萬能
2005-10-09,周日,8834,山打根馬會,二奖,135/05,"",PART FOREVER,大馬彩
2005-10-09,周日,8834,山打根馬會,二奖,135/05,劳动节,Labour Day,多多
2005-08-13,周六,8834,砂大萬,特别奖,1703/05,尤柏杯,Uber Cup,萬能
2005-08-13,周六,8834,砂大萬,特别奖,1703/05,"",PART FOREVER,大馬彩
2005-08-13,周六,8834,砂大萬,特别奖,1703/05,劳动节,Labour Day,多多
2005-03-26,周六,8834,萬能,首奖,037/05,尤柏杯,Uber Cup,萬能
2005-03-26,周六,8834,萬能,首奖,037/05,"",PART FOREVER,大馬彩
2005-03-26,周六,8834,萬能,首奖,037/05,劳动节,Labour Day,多多
2005-02-26,周六,8834,萬能,特别奖,025/05,尤柏杯,Uber Cup,萬能
2005-02-26,周六,8834,萬能,特别奖,025/05,"",PART FOREVER,大馬彩
2005-02-26,周六,8834,萬能,特别奖,025/05,劳动节,Labour Day,多多
2004-12-22,周三,8834,大馬彩,安慰奖,2377/04,尤柏杯,Uber Cup,萬能
2004-12-22,周三,8834,大馬彩,安慰奖,2377/04,"",PART FOREVER,大馬彩
2004-12-22,周三,8834,大馬彩,安慰奖,2377/04,劳动节,Labour Day,多多
2004-10-24,周日,8834,砂大萬,特别奖,1564/04,尤柏杯,Uber Cup,萬能
2004-10-24,周日,8834,砂大萬,特别奖,1564/04,"",PART FOREVER,大馬彩
2004-10-24,周日,8834,砂大萬,特别奖,1564/04,劳动节,Labour Day,多多
2003-11-29,周六,8834,萬能,安慰奖,143/03,尤柏杯,Uber Cup,萬能
2003-11-29,周六,8834,萬能,安慰奖,143/03,"",PART FOREVER,大馬彩
2003-11-29,周六,8834,萬能,安慰奖,143/03,劳动节,Labour Day,多多
2003-09-13,周六,8834,大馬彩,特别奖,2166/03,尤柏杯,Uber Cup,萬能
2003-09-13,周六,8834,大馬彩,特别奖,2166/03,"",PART FOREVER,大馬彩
2003-09-13,周六,8834,大馬彩,特别奖,2166/03,劳动节,Labour Day,多多
2003-07-23,周三,8834,萬能,安慰奖,088/03,尤柏杯,Uber Cup,萬能
2003-07-23,周三,8834,萬能,安慰奖,088/03,"",PART FOREVER,大馬彩
2003-07-23,周三,8834,萬能,安慰奖,088/03,劳动节,Labour Day,多多
2003-04-06,周日,8834,沙巴彩,特别奖,218/03,尤柏杯,Uber Cup,萬能
2003-04-06,周日,8834,沙巴彩,特别奖,218/03,"",PART FOREVER,大馬彩
2003-04-06,周日,8834,沙巴彩,特别奖,218/03,劳动节,Labour Day,多多
2003-02-22,周六,8834,大馬彩,特别奖,2076/03,尤柏杯,Uber Cup,萬能
2003-02-22,周六,8834,大馬彩,特别奖,2076/03,"",PART FOREVER,大馬彩
2003-02-22,周六,8834,大馬彩,特别奖,2076/03,劳动节,Labour Day,多多
2002-06-27,周四,8834,沙巴彩,安慰奖,092/02,尤柏杯,Uber Cup,萬能
2002-06-27,周四,8834,沙巴彩,安慰奖,092/02,"",PART FOREVER,大馬彩
2002-06-27,周四,8834,沙巴彩,安慰奖,092/02,劳动节,Labour Day,多多
2002-06-12,周三,8834,多多,首奖,2014/02,尤柏杯,Uber Cup,萬能
2002-06-12,周三,8834,多多,首奖,2014/02,"",PART FOREVER,大馬彩
2002-06-12,周三,8834,多多,首奖,2014/02,劳动节,Labour Day,多多
2002-05-11,周六,8834,大馬彩,安慰奖,1945/02,尤柏杯,Uber Cup,萬能
2002-05-11,周六,8834,大馬彩,安慰奖,1945/02,"",PART FOREVER,大馬彩
2002-05-11,周六,8834,大馬彩,安慰奖,1945/02,劳动节,Labour Day,多多
2001-11-28,周三,8834,砂大萬,特别奖,1086/01,尤柏杯,Uber Cup,萬能
2001-11-28,周三,8834,砂大萬,特别奖,1086/01,"",PART FOREVER,大馬彩
2001-11-28,周三,8834,砂大萬,特别奖,1086/01,劳动节,Labour Day,多多
2001-02-10,周六,8834,星池,特别奖,1562/2001,尤柏杯,Uber Cup,萬能
2001-02-10,周六,8834,星池,特别奖,1562/2001,"",PART FOREVER,大馬彩
2001-02-10,周六,8834,星池,特别奖,1562/2001,劳动节,Labour Day,多多
2000-07-22,周六,8834,砂大萬,安慰奖,0863/00,尤柏杯,Uber Cup,萬能
2000-07-22,周六,8834,砂大萬,安慰奖,0863/00,"",PART FOREVER,大馬彩
2000-07-22,周六,8834,砂大萬,安慰奖,0863/00,劳动节,Labour Day,多多
1999-05-30,周日,8834,星池,特别奖,D19990530,尤柏杯,Uber Cup,萬能
1999-05-30,周日,8834,星池,特别奖,D19990530,"",PART FOREVER,大馬彩
1999-05-30,周日,8834,星池,特别奖,D19990530,劳动节,Labour Day,多多
1998-08-12,周三,8834,萬能,安慰奖,096/98,尤柏杯,Uber Cup,萬能
1998-08-12,周三,8834,萬能,安慰奖,096/98,"",PART FOREVER,大馬彩
1998-08-12,周三,8834,萬能,安慰奖,096/98,劳动节,Labour Day,多多
1995-08-20,周日,8834,大馬彩,安慰奖,0870/95,尤柏杯,Uber Cup,萬能
1995-08-20,周日,8834,大馬彩,安慰奖,0870/95,"",PART FOREVER,大馬彩
1995-08-20,周日,8834,大馬彩,安慰奖,0870/95,劳动节,Labour Day,多多
1995-05-28,周日,8834,星池,三奖,D19950528,尤柏杯,Uber Cup,萬能
1995-05-28,周日,8834,星池,三奖,D19950528,"",PART FOREVER,大馬彩
1995-05-28,周日,8834,星池,三奖,D19950528,劳动节,Labour Day,多多
1994-05-12,周四,8834,多多,特别奖,723/94,尤柏杯,Uber Cup,萬能
1994-05-12,周四,8834,多多,特别奖,723/94,"",PART FOREVER,大馬彩
1994-05-12,周四,8834,多多,特别奖,723/94,劳动节,Labour Day,多多
1993-07-18,周日,8834,多多,二奖,595/93,尤柏杯,Uber Cup,萬能
1993-07-18,周日,8834,多多,二奖,595/93,"",PART FOREVER,大馬彩
1993-07-18,周日,8834,多多,二奖,595/93,劳动节,Labour Day,多多
1992-11-09,周一,8834,萬能,首奖,135/92,尤柏杯,Uber Cup,萬能
1992-11-09,周一,8834,萬能,首奖,135/92,"",PART FOREVER,大馬彩
1992-11-09,周一,8834,萬能,首奖,135/92,劳动节,Labour Day,多多
1992-01-08,周三,8834,大馬彩,安慰奖,0304/92,尤柏杯,Uber Cup,萬能
1992-01-08,周三,8834,大馬彩,安慰奖,0304/92,"",PART FOREVER,大馬彩
1992-01-08,周三,8834,大馬彩,安慰奖,0304/92,劳动节,Labour Day,多多
1991-04-17,周三,8834,大馬彩,特别奖,0190/91,尤柏杯,Uber Cup,萬能
1991-04-17,周三,8834,大馬彩,特别奖,0190/91,"",PART FOREVER,大馬彩
1991-04-17,周三,8834,大馬彩,特别奖,0190/91,劳动节,Labour Day,多多
1985-12-22,周日,8834,萬能,特别奖,105/85,尤柏杯,Uber Cup,萬能
1985-12-22,周日,8834,萬能,特别奖,105/85,"",PART FOREVER,大馬彩
1985-12-22,周日,8834,萬能,特别奖,105/85,劳动节,Labour Day,多多
