开彩日期,彩号,秦庄,英庄,奖,秦典,英典
2023-12-20,6510,,sg4d,安慰奖,,
2023-11-08,6510,萬能,toto,特别奖,轮轴,Axle
2023-10-18,6510,大馬彩,damacai,特别奖,牙刷,Tooth Brush
2022-12-28,6510,大馬彩,damacai,特别奖,牙刷,Tooth Brush
2020-09-12,6510,萬能,toto,特别奖,轮轴,Axle
2019-12-25,6510,,sg4d,三奖,,
2019-08-14,6510,萬能,toto,首奖,轮轴,Axle
2019-07-30,6510,大馬彩,damacai,安慰奖,牙刷,Tooth Brush
2017-08-13,6510,多多博彩,magnum,特别奖,毂,Hub/ Wheel
2017-02-18,6510,大馬彩,damacai,三奖,牙刷,Tooth Brush
2016-08-10,6510,多多博彩,magnum,安慰奖,毂,Hub/ Wheel
2016-07-31,6510,多多博彩,magnum,二奖,毂,Hub/ Wheel
2015-07-29,6510,,sg4d,安慰奖,,
2015-03-01,6510,大馬彩,damacai,特别奖,牙刷,Tooth Brush
2015-01-24,6510,萬能,toto,安慰奖,轮轴,Axle
2014-06-21,6510,多多博彩,magnum,安慰奖,毂,Hub/ Wheel
2012-08-01,6510,萬能,toto,特别奖,轮轴,Axle
2012-06-06,6510,,sg4d,特别奖,,
2012-02-01,6510,多多博彩,magnum,特别奖,毂,Hub/ Wheel
2012-01-15,6510,萬能,toto,安慰奖,轮轴,Axle
2011-09-27,6510,大馬彩,damacai,特别奖,牙刷,Tooth Brush
2011-03-27,6510,萬能,toto,安慰奖,轮轴,Axle
2010-03-07,6510,多多博彩,magnum,安慰奖,毂,Hub/ Wheel
2009-07-18,6510,萬能,toto,安慰奖,轮轴,Axle
2009-03-21,6510,,sg4d,安慰奖,,
2008-09-06,6510,大馬彩,damacai,安慰奖,牙刷,Tooth Brush
2008-08-30,6510,多多博彩,magnum,特别奖,毂,Hub/ Wheel
2008-07-26,6510,大馬彩,damacai,首奖,牙刷,Tooth Brush
2008-05-31,6510,,sg4d,安慰奖,,
2008-04-12,6510,,sg4d,特别奖,,
2007-10-20,6510,多多博彩,magnum,安慰奖,毂,Hub/ Wheel
2007-05-08,6510,萬能,toto,特别奖,轮轴,Axle
2007-02-04,6510,多多博彩,magnum,首奖,毂,Hub/ Wheel
2005-08-20,6510,多多博彩,magnum,安慰奖,毂,Hub/ Wheel
2002-08-18,6510,多多博彩,magnum,安慰奖,毂,Hub/ Wheel
2000-05-10,6510,萬能,toto,安慰奖,轮轴,Axle
2000-02-16,6510,多多博彩,magnum,特别奖,毂,Hub/ Wheel
1999-12-11,6510,萬能,toto,特别奖,轮轴,Axle
1998-09-09,6510,大馬彩,damacai,安慰奖,牙刷,Tooth Brush
1998-03-08,6510,多多博彩,magnum,安慰奖,毂,Hub/ Wheel
1997-04-16,6510,多多博彩,magnum,首奖,毂,Hub/ Wheel
1996-09-28,6510,萬能,toto,特别奖,轮轴,Axle
1996-08-24,6510,多多博彩,magnum,安慰奖,毂,Hub/ Wheel
1996-04-27,6510,多多博彩,magnum,安慰奖,毂,Hub/ Wheel
1994-02-21,6510,多多博彩,magnum,安慰奖,毂,Hub/ Wheel
1988-05-21,6510,多多博彩,magnum,三奖,毂,Hub/ Wheel
