开彩日期,彩号,秦庄,英庄,奖,秦典,英典
2024-05-29,8685,萬能,toto,二奖,泰国海鲜,Thai Seafood
2023-11-25,8685,大馬彩,damacai,特别奖,诺亚方舟,Noahs Ark
2022-10-26,8685,多多博彩,magnum,特别奖,做伴郎,Be A Groomsman
2022-07-20,8685,,sg4d,特别奖,,
2022-05-14,8685,,sg4d,安慰奖,,
2020-10-14,8685,,sg4d,三奖,,
2020-01-26,8685,萬能,toto,特别奖,泰国海鲜,Thai Seafood
2019-06-08,8685,多多博彩,magnum,安慰奖,做伴郎,Be A Groomsman
2015-11-07,8685,,sg4d,安慰奖,,
2015-04-01,8685,,sg4d,二奖,,
2013-02-03,8685,大馬彩,damacai,特别奖,诺亚方舟,Noahs Ark
2013-01-06,8685,大馬彩,damacai,安慰奖,诺亚方舟,Noahs Ark
2011-03-20,8685,,sg4d,特别奖,,
2010-12-25,8685,萬能,toto,安慰奖,泰国海鲜,Thai Seafood
2009-03-25,8685,大馬彩,damacai,特别奖,诺亚方舟,Noahs Ark
2008-10-08,8685,大馬彩,damacai,特别奖,诺亚方舟,Noahs Ark
2008-01-30,8685,多多博彩,magnum,特别奖,做伴郎,Be A Groomsman
2007-05-16,8685,大馬彩,damacai,特别奖,诺亚方舟,Noahs Ark
2004-12-25,8685,大馬彩,damacai,安慰奖,诺亚方舟,Noahs Ark
2003-12-14,8685,大馬彩,damacai,安慰奖,诺亚方舟,Noahs Ark
2002-09-15,8685,萬能,toto,特别奖,泰国海鲜,Thai Seafood
2001-10-07,8685,多多博彩,magnum,特别奖,做伴郎,Be A Groomsman
2000-09-03,8685,萬能,toto,特别奖,泰国海鲜,Thai Seafood
2000-02-08,8685,多多博彩,magnum,安慰奖,做伴郎,Be A Groomsman
1998-07-29,8685,萬能,toto,安慰奖,泰国海鲜,Thai Seafood
1997-03-26,8685,大馬彩,damacai,安慰奖,诺亚方舟,Noahs Ark
1995-06-18,8685,萬能,toto,安慰奖,泰国海鲜,Thai Seafood
1994-11-12,8685,萬能,toto,特别奖,泰国海鲜,Thai Seafood
1994-03-07,8685,多多博彩,magnum,特别奖,做伴郎,Be A Groomsman
1992-02-26,8685,大馬彩,damacai,安慰奖,诺亚方舟,Noahs Ark
