开彩日期,开彩日,彩号,秦庄,彩金,抽奖,史记秦本纪,史记楚辞,史记秦庄
2024-07-20,,0112,萬能,安慰奖,,失眠,Insomnia,萬能
2024-07-20,,0112,萬能,安慰奖,,孖黄蛋,Double Egg Yorks,多多
2024-07-20,,0112,萬能,安慰奖,,双黄蛋,Double Egg Yolk,大馬彩
2024-02-10,,0112,星池,安慰奖,,失眠,Insomnia,萬能
2024-02-10,,0112,星池,安慰奖,,孖黄蛋,Double Egg Yorks,多多
2024-02-10,,0112,星池,安慰奖,,双黄蛋,Double Egg Yolk,大馬彩
2023-07-01,,0112,大馬彩,二奖,,失眠,Insomnia,萬能
2023-07-01,,0112,大馬彩,二奖,,孖黄蛋,Double Egg Yorks,多多
2023-07-01,,0112,大馬彩,二奖,,双黄蛋,Double Egg Yolk,大馬彩
2022-04-03,,0112,星池,特别奖,,失眠,Insomnia,萬能
2022-04-03,,0112,星池,特别奖,,孖黄蛋,Double Egg Yorks,多多
2022-04-03,,0112,星池,特别奖,,双黄蛋,Double Egg Yolk,大馬彩
2022-01-29,,0112,萬能,二奖,,失眠,Insomnia,萬能
2022-01-29,,0112,萬能,二奖,,孖黄蛋,Double Egg Yorks,多多
2022-01-29,,0112,萬能,二奖,,双黄蛋,Double Egg Yolk,大馬彩
2018-03-31,,0112,萬能,三奖,,失眠,Insomnia,萬能
2018-03-31,,0112,萬能,三奖,,孖黄蛋,Double Egg Yorks,多多
2018-03-31,,0112,萬能,三奖,,双黄蛋,Double Egg Yolk,大馬彩
2016-04-26,,0112,大馬彩,首奖,,失眠,Insomnia,萬能
2016-04-26,,0112,大馬彩,首奖,,孖黄蛋,Double Egg Yorks,多多
2016-04-26,,0112,大馬彩,首奖,,双黄蛋,Double Egg Yolk,大馬彩
2016-03-27,,0112,多多,首奖,,失眠,Insomnia,萬能
2016-03-27,,0112,多多,首奖,,孖黄蛋,Double Egg Yorks,多多
2016-03-27,,0112,多多,首奖,,双黄蛋,Double Egg Yolk,大馬彩
2015-02-11,,0112,多多,特别奖,,失眠,Insomnia,萬能
2015-02-11,,0112,多多,特别奖,,孖黄蛋,Double Egg Yorks,多多
2015-02-11,,0112,多多,特别奖,,双黄蛋,Double Egg Yolk,大馬彩
2014-06-04,,0112,萬能,特别奖,,失眠,Insomnia,萬能
2014-06-04,,0112,萬能,特别奖,,孖黄蛋,Double Egg Yorks,多多
2014-06-04,,0112,萬能,特别奖,,双黄蛋,Double Egg Yolk,大馬彩
2014-02-11,,0112,萬能,特别奖,,失眠,Insomnia,萬能
2014-02-11,,0112,萬能,特别奖,,孖黄蛋,Double Egg Yorks,多多
2014-02-11,,0112,萬能,特别奖,,双黄蛋,Double Egg Yolk,大馬彩
2013-11-30,,0112,多多,安慰奖,,失眠,Insomnia,萬能
2013-11-30,,0112,多多,安慰奖,,孖黄蛋,Double Egg Yorks,多多
2013-11-30,,0112,多多,安慰奖,,双黄蛋,Double Egg Yolk,大馬彩
2013-09-22,,0112,萬能,二奖,,失眠,Insomnia,萬能
2013-09-22,,0112,萬能,二奖,,孖黄蛋,Double Egg Yorks,多多
2013-09-22,,0112,萬能,二奖,,双黄蛋,Double Egg Yolk,大馬彩
2013-04-14,,0112,萬能,安慰奖,,失眠,Insomnia,萬能
2013-04-14,,0112,萬能,安慰奖,,孖黄蛋,Double Egg Yorks,多多
2013-04-14,,0112,萬能,安慰奖,,双黄蛋,Double Egg Yolk,大馬彩
2009-09-27,,0112,萬能,特别奖,,失眠,Insomnia,萬能
2009-09-27,,0112,萬能,特别奖,,孖黄蛋,Double Egg Yorks,多多
2009-09-27,,0112,萬能,特别奖,,双黄蛋,Double Egg Yolk,大馬彩
2009-07-29,,0112,多多,安慰奖,,失眠,Insomnia,萬能
2009-07-29,,0112,多多,安慰奖,,孖黄蛋,Double Egg Yorks,多多
2009-07-29,,0112,多多,安慰奖,,双黄蛋,Double Egg Yolk,大馬彩
2009-05-23,,0112,星池,特别奖,,失眠,Insomnia,萬能
2009-05-23,,0112,星池,特别奖,,孖黄蛋,Double Egg Yorks,多多
2009-05-23,,0112,星池,特别奖,,双黄蛋,Double Egg Yolk,大馬彩
2009-03-08,,0112,星池,特别奖,,失眠,Insomnia,萬能
2009-03-08,,0112,星池,特别奖,,孖黄蛋,Double Egg Yorks,多多
2009-03-08,,0112,星池,特别奖,,双黄蛋,Double Egg Yolk,大馬彩
2008-09-27,,0112,大馬彩,特别奖,,失眠,Insomnia,萬能
2008-09-27,,0112,大馬彩,特别奖,,孖黄蛋,Double Egg Yorks,多多
2008-09-27,,0112,大馬彩,特别奖,,双黄蛋,Double Egg Yolk,大馬彩
2008-08-30,,0112,萬能,安慰奖,,失眠,Insomnia,萬能
2008-08-30,,0112,萬能,安慰奖,,孖黄蛋,Double Egg Yorks,多多
2008-08-30,,0112,萬能,安慰奖,,双黄蛋,Double Egg Yolk,大馬彩
2008-04-13,,0112,萬能,特别奖,,失眠,Insomnia,萬能
2008-04-13,,0112,萬能,特别奖,,孖黄蛋,Double Egg Yorks,多多
2008-04-13,,0112,萬能,特别奖,,双黄蛋,Double Egg Yolk,大馬彩
2007-12-26,,0112,萬能,安慰奖,,失眠,Insomnia,萬能
2007-12-26,,0112,萬能,安慰奖,,孖黄蛋,Double Egg Yorks,多多
2007-12-26,,0112,萬能,安慰奖,,双黄蛋,Double Egg Yolk,大馬彩
2007-09-01,,0112,萬能,特别奖,,失眠,Insomnia,萬能
2007-09-01,,0112,萬能,特别奖,,孖黄蛋,Double Egg Yorks,多多
2007-09-01,,0112,萬能,特别奖,,双黄蛋,Double Egg Yolk,大馬彩
2007-04-18,,0112,多多,特别奖,,失眠,Insomnia,萬能
2007-04-18,,0112,多多,特别奖,,孖黄蛋,Double Egg Yorks,多多
2007-04-18,,0112,多多,特别奖,,双黄蛋,Double Egg Yolk,大馬彩
2006-02-18,,0112,大馬彩,特别奖,,失眠,Insomnia,萬能
2006-02-18,,0112,大馬彩,特别奖,,孖黄蛋,Double Egg Yorks,多多
2006-02-18,,0112,大馬彩,特别奖,,双黄蛋,Double Egg Yolk,大馬彩
2005-07-27,,0112,多多,安慰奖,,失眠,Insomnia,萬能
2005-07-27,,0112,多多,安慰奖,,孖黄蛋,Double Egg Yorks,多多
2005-07-27,,0112,多多,安慰奖,,双黄蛋,Double Egg Yolk,大馬彩
2004-12-01,,0112,萬能,特别奖,,失眠,Insomnia,萬能
2004-12-01,,0112,萬能,特别奖,,孖黄蛋,Double Egg Yorks,多多
2004-12-01,,0112,萬能,特别奖,,双黄蛋,Double Egg Yolk,大馬彩
2004-03-27,,0112,多多,特别奖,,失眠,Insomnia,萬能
2004-03-27,,0112,多多,特别奖,,孖黄蛋,Double Egg Yorks,多多
2004-03-27,,0112,多多,特别奖,,双黄蛋,Double Egg Yolk,大馬彩
2003-03-19,,0112,萬能,特别奖,,失眠,Insomnia,萬能
2003-03-19,,0112,萬能,特别奖,,孖黄蛋,Double Egg Yorks,多多
2003-03-19,,0112,萬能,特别奖,,双黄蛋,Double Egg Yolk,大馬彩
2003-02-06,,0112,多多,特别奖,,失眠,Insomnia,萬能
2003-02-06,,0112,多多,特别奖,,孖黄蛋,Double Egg Yorks,多多
2003-02-06,,0112,多多,特别奖,,双黄蛋,Double Egg Yolk,大馬彩
2002-11-20,,0112,萬能,安慰奖,,失眠,Insomnia,萬能
2002-11-20,,0112,萬能,安慰奖,,孖黄蛋,Double Egg Yorks,多多
2002-11-20,,0112,萬能,安慰奖,,双黄蛋,Double Egg Yolk,大馬彩
2000-12-27,,0112,大馬彩,特别奖,,失眠,Insomnia,萬能
2000-12-27,,0112,大馬彩,特别奖,,孖黄蛋,Double Egg Yorks,多多
2000-12-27,,0112,大馬彩,特别奖,,双黄蛋,Double Egg Yolk,大馬彩
2000-03-04,,0112,多多,特别奖,,失眠,Insomnia,萬能
2000-03-04,,0112,多多,特别奖,,孖黄蛋,Double Egg Yorks,多多
2000-03-04,,0112,多多,特别奖,,双黄蛋,Double Egg Yolk,大馬彩
1998-01-24,,0112,萬能,特别奖,,失眠,Insomnia,萬能
1998-01-24,,0112,萬能,特别奖,,孖黄蛋,Double Egg Yorks,多多
1998-01-24,,0112,萬能,特别奖,,双黄蛋,Double Egg Yolk,大馬彩
1994-10-29,,0112,大馬彩,安慰奖,,失眠,Insomnia,萬能
1994-10-29,,0112,大馬彩,安慰奖,,孖黄蛋,Double Egg Yorks,多多
1994-10-29,,0112,大馬彩,安慰奖,,双黄蛋,Double Egg Yolk,大馬彩
1994-09-19,,0112,萬能,首奖,,失眠,Insomnia,萬能
1994-09-19,,0112,萬能,首奖,,孖黄蛋,Double Egg Yorks,多多
1994-09-19,,0112,萬能,首奖,,双黄蛋,Double Egg Yolk,大馬彩
1994-08-17,,0112,多多,首奖,,失眠,Insomnia,萬能
1994-08-17,,0112,多多,首奖,,孖黄蛋,Double Egg Yorks,多多
1994-08-17,,0112,多多,首奖,,双黄蛋,Double Egg Yolk,大馬彩
1993-07-29,,0112,多多,安慰奖,,失眠,Insomnia,萬能
1993-07-29,,0112,多多,安慰奖,,孖黄蛋,Double Egg Yorks,多多
1993-07-29,,0112,多多,安慰奖,,双黄蛋,Double Egg Yolk,大馬彩
1993-06-09,,0112,大馬彩,安慰奖,,失眠,Insomnia,萬能
1993-06-09,,0112,大馬彩,安慰奖,,孖黄蛋,Double Egg Yorks,多多
1993-06-09,,0112,大馬彩,安慰奖,,双黄蛋,Double Egg Yolk,大馬彩
1986-03-27,,0112,萬能,特别奖,,失眠,Insomnia,萬能
1986-03-27,,0112,萬能,特别奖,,孖黄蛋,Double Egg Yorks,多多
1986-03-27,,0112,萬能,特别奖,,双黄蛋,Double Egg Yolk,大馬彩
