开彩日期,开彩日,彩号,秦庄,彩金,抽奖,史记秦本纪,史记楚辞,史记秦庄
2024-04-06,,1100,萬能,首奖,,可口粉,Delicious Powder,萬能
2024-04-06,,1100,萬能,首奖,,迷你裙,Miniskirt,多多
2024-04-06,,1100,萬能,首奖,,迷你裙,Mini Skirt,大馬彩
2024-03-05,,1100,萬能,安慰奖,,可口粉,Delicious Powder,萬能
2024-03-05,,1100,萬能,安慰奖,,迷你裙,Miniskirt,多多
2024-03-05,,1100,萬能,安慰奖,,迷你裙,Mini Skirt,大馬彩
2023-02-18,,1100,多多,二奖,,可口粉,Delicious Powder,萬能
2023-02-18,,1100,多多,二奖,,迷你裙,Miniskirt,多多
2023-02-18,,1100,多多,二奖,,迷你裙,Mini Skirt,大馬彩
2022-09-10,,1100,星池,三奖,,可口粉,Delicious Powder,萬能
2022-09-10,,1100,星池,三奖,,迷你裙,Miniskirt,多多
2022-09-10,,1100,星池,三奖,,迷你裙,Mini Skirt,大馬彩
2022-08-17,,1100,星池,特别奖,,可口粉,Delicious Powder,萬能
2022-08-17,,1100,星池,特别奖,,迷你裙,Miniskirt,多多
2022-08-17,,1100,星池,特别奖,,迷你裙,Mini Skirt,大馬彩
2022-05-22,,1100,星池,特别奖,,可口粉,Delicious Powder,萬能
2022-05-22,,1100,星池,特别奖,,迷你裙,Miniskirt,多多
2022-05-22,,1100,星池,特别奖,,迷你裙,Mini Skirt,大馬彩
2022-03-05,,1100,萬能,安慰奖,,可口粉,Delicious Powder,萬能
2022-03-05,,1100,萬能,安慰奖,,迷你裙,Miniskirt,多多
2022-03-05,,1100,萬能,安慰奖,,迷你裙,Mini Skirt,大馬彩
2020-12-26,,1100,星池,安慰奖,,可口粉,Delicious Powder,萬能
2020-12-26,,1100,星池,安慰奖,,迷你裙,Miniskirt,多多
2020-12-26,,1100,星池,安慰奖,,迷你裙,Mini Skirt,大馬彩
2020-07-11,,1100,大馬彩,安慰奖,,可口粉,Delicious Powder,萬能
2020-07-11,,1100,大馬彩,安慰奖,,迷你裙,Miniskirt,多多
2020-07-11,,1100,大馬彩,安慰奖,,迷你裙,Mini Skirt,大馬彩
2019-04-17,,1100,星池,特别奖,,可口粉,Delicious Powder,萬能
2019-04-17,,1100,星池,特别奖,,迷你裙,Miniskirt,多多
2019-04-17,,1100,星池,特别奖,,迷你裙,Mini Skirt,大馬彩
2019-01-05,,1100,多多,特别奖,,可口粉,Delicious Powder,萬能
2019-01-05,,1100,多多,特别奖,,迷你裙,Miniskirt,多多
2019-01-05,,1100,多多,特别奖,,迷你裙,Mini Skirt,大馬彩
2018-08-22,,1100,星池,安慰奖,,可口粉,Delicious Powder,萬能
2018-08-22,,1100,星池,安慰奖,,迷你裙,Miniskirt,多多
2018-08-22,,1100,星池,安慰奖,,迷你裙,Mini Skirt,大馬彩
2017-08-08,,1100,萬能,特别奖,,可口粉,Delicious Powder,萬能
2017-08-08,,1100,萬能,特别奖,,迷你裙,Miniskirt,多多
2017-08-08,,1100,萬能,特别奖,,迷你裙,Mini Skirt,大馬彩
2016-12-18,,1100,多多,特别奖,,可口粉,Delicious Powder,萬能
2016-12-18,,1100,多多,特别奖,,迷你裙,Miniskirt,多多
2016-12-18,,1100,多多,特别奖,,迷你裙,Mini Skirt,大馬彩
2016-03-13,,1100,多多,特别奖,,可口粉,Delicious Powder,萬能
2016-03-13,,1100,多多,特别奖,,迷你裙,Miniskirt,多多
2016-03-13,,1100,多多,特别奖,,迷你裙,Mini Skirt,大馬彩
2015-07-04,,1100,大馬彩,特别奖,,可口粉,Delicious Powder,萬能
2015-07-04,,1100,大馬彩,特别奖,,迷你裙,Miniskirt,多多
2015-07-04,,1100,大馬彩,特别奖,,迷你裙,Mini Skirt,大馬彩
2015-03-22,,1100,大馬彩,首奖,,可口粉,Delicious Powder,萬能
2015-03-22,,1100,大馬彩,首奖,,迷你裙,Miniskirt,多多
2015-03-22,,1100,大馬彩,首奖,,迷你裙,Mini Skirt,大馬彩
2014-12-10,,1100,星池,安慰奖,,可口粉,Delicious Powder,萬能
2014-12-10,,1100,星池,安慰奖,,迷你裙,Miniskirt,多多
2014-12-10,,1100,星池,安慰奖,,迷你裙,Mini Skirt,大馬彩
2014-11-01,,1100,多多,特别奖,,可口粉,Delicious Powder,萬能
2014-11-01,,1100,多多,特别奖,,迷你裙,Miniskirt,多多
2014-11-01,,1100,多多,特别奖,,迷你裙,Mini Skirt,大馬彩
2014-10-26,,1100,星池,特别奖,,可口粉,Delicious Powder,萬能
2014-10-26,,1100,星池,特别奖,,迷你裙,Miniskirt,多多
2014-10-26,,1100,星池,特别奖,,迷你裙,Mini Skirt,大馬彩
2012-12-04,,1100,大馬彩,二奖,,可口粉,Delicious Powder,萬能
2012-12-04,,1100,大馬彩,二奖,,迷你裙,Miniskirt,多多
2012-12-04,,1100,大馬彩,二奖,,迷你裙,Mini Skirt,大馬彩
2012-05-20,,1100,萬能,特别奖,,可口粉,Delicious Powder,萬能
2012-05-20,,1100,萬能,特别奖,,迷你裙,Miniskirt,多多
2012-05-20,,1100,萬能,特别奖,,迷你裙,Mini Skirt,大馬彩
2011-11-27,,1100,萬能,特别奖,,可口粉,Delicious Powder,萬能
2011-11-27,,1100,萬能,特别奖,,迷你裙,Miniskirt,多多
2011-11-27,,1100,萬能,特别奖,,迷你裙,Mini Skirt,大馬彩
2011-09-03,,1100,大馬彩,安慰奖,,可口粉,Delicious Powder,萬能
2011-09-03,,1100,大馬彩,安慰奖,,迷你裙,Miniskirt,多多
2011-09-03,,1100,大馬彩,安慰奖,,迷你裙,Mini Skirt,大馬彩
2011-06-18,,1100,大馬彩,特别奖,,可口粉,Delicious Powder,萬能
2011-06-18,,1100,大馬彩,特别奖,,迷你裙,Miniskirt,多多
2011-06-18,,1100,大馬彩,特别奖,,迷你裙,Mini Skirt,大馬彩
2010-02-24,,1100,多多,特别奖,,可口粉,Delicious Powder,萬能
2010-02-24,,1100,多多,特别奖,,迷你裙,Miniskirt,多多
2010-02-24,,1100,多多,特别奖,,迷你裙,Mini Skirt,大馬彩
2010-01-31,,1100,星池,二奖,,可口粉,Delicious Powder,萬能
2010-01-31,,1100,星池,二奖,,迷你裙,Miniskirt,多多
2010-01-31,,1100,星池,二奖,,迷你裙,Mini Skirt,大馬彩
2009-10-10,,1100,萬能,安慰奖,,可口粉,Delicious Powder,萬能
2009-10-10,,1100,萬能,安慰奖,,迷你裙,Miniskirt,多多
2009-10-10,,1100,萬能,安慰奖,,迷你裙,Mini Skirt,大馬彩
2009-09-12,,1100,萬能,安慰奖,,可口粉,Delicious Powder,萬能
2009-09-12,,1100,萬能,安慰奖,,迷你裙,Miniskirt,多多
2009-09-12,,1100,萬能,安慰奖,,迷你裙,Mini Skirt,大馬彩
2009-08-02,,1100,多多,安慰奖,,可口粉,Delicious Powder,萬能
2009-08-02,,1100,多多,安慰奖,,迷你裙,Miniskirt,多多
2009-08-02,,1100,多多,安慰奖,,迷你裙,Mini Skirt,大馬彩
2009-03-22,,1100,萬能,二奖,,可口粉,Delicious Powder,萬能
2009-03-22,,1100,萬能,二奖,,迷你裙,Miniskirt,多多
2009-03-22,,1100,萬能,二奖,,迷你裙,Mini Skirt,大馬彩
2008-11-30,,1100,星池,安慰奖,,可口粉,Delicious Powder,萬能
2008-11-30,,1100,星池,安慰奖,,迷你裙,Miniskirt,多多
2008-11-30,,1100,星池,安慰奖,,迷你裙,Mini Skirt,大馬彩
2008-10-26,,1100,星池,安慰奖,,可口粉,Delicious Powder,萬能
2008-10-26,,1100,星池,安慰奖,,迷你裙,Miniskirt,多多
2008-10-26,,1100,星池,安慰奖,,迷你裙,Mini Skirt,大馬彩
2008-06-08,,1100,大馬彩,安慰奖,,可口粉,Delicious Powder,萬能
2008-06-08,,1100,大馬彩,安慰奖,,迷你裙,Miniskirt,多多
2008-06-08,,1100,大馬彩,安慰奖,,迷你裙,Mini Skirt,大馬彩
2006-07-01,,1100,多多,首奖,,可口粉,Delicious Powder,萬能
2006-07-01,,1100,多多,首奖,,迷你裙,Miniskirt,多多
2006-07-01,,1100,多多,首奖,,迷你裙,Mini Skirt,大馬彩
2005-12-07,,1100,萬能,安慰奖,,可口粉,Delicious Powder,萬能
2005-12-07,,1100,萬能,安慰奖,,迷你裙,Miniskirt,多多
2005-12-07,,1100,萬能,安慰奖,,迷你裙,Mini Skirt,大馬彩
2005-08-24,,1100,萬能,特别奖,,可口粉,Delicious Powder,萬能
2005-08-24,,1100,萬能,特别奖,,迷你裙,Miniskirt,多多
2005-08-24,,1100,萬能,特别奖,,迷你裙,Mini Skirt,大馬彩
2000-03-18,,1100,多多,安慰奖,,可口粉,Delicious Powder,萬能
2000-03-18,,1100,多多,安慰奖,,迷你裙,Miniskirt,多多
2000-03-18,,1100,多多,安慰奖,,迷你裙,Mini Skirt,大馬彩
1999-04-25,,1100,多多,特别奖,,可口粉,Delicious Powder,萬能
1999-04-25,,1100,多多,特别奖,,迷你裙,Miniskirt,多多
1999-04-25,,1100,多多,特别奖,,迷你裙,Mini Skirt,大馬彩
1998-02-28,,1100,大馬彩,安慰奖,,可口粉,Delicious Powder,萬能
1998-02-28,,1100,大馬彩,安慰奖,,迷你裙,Miniskirt,多多
1998-02-28,,1100,大馬彩,安慰奖,,迷你裙,Mini Skirt,大馬彩
1996-09-15,,1100,萬能,特别奖,,可口粉,Delicious Powder,萬能
1996-09-15,,1100,萬能,特别奖,,迷你裙,Miniskirt,多多
1996-09-15,,1100,萬能,特别奖,,迷你裙,Mini Skirt,大馬彩
1996-06-16,,1100,萬能,安慰奖,,可口粉,Delicious Powder,萬能
1996-06-16,,1100,萬能,安慰奖,,迷你裙,Miniskirt,多多
1996-06-16,,1100,萬能,安慰奖,,迷你裙,Mini Skirt,大馬彩
1996-02-11,,1100,大馬彩,特别奖,,可口粉,Delicious Powder,萬能
1996-02-11,,1100,大馬彩,特别奖,,迷你裙,Miniskirt,多多
1996-02-11,,1100,大馬彩,特别奖,,迷你裙,Mini Skirt,大馬彩
1995-11-04,,1100,多多,特别奖,,可口粉,Delicious Powder,萬能
1995-11-04,,1100,多多,特别奖,,迷你裙,Miniskirt,多多
1995-11-04,,1100,多多,特别奖,,迷你裙,Mini Skirt,大馬彩
1994-08-17,,1100,大馬彩,安慰奖,,可口粉,Delicious Powder,萬能
1994-08-17,,1100,大馬彩,安慰奖,,迷你裙,Miniskirt,多多
1994-08-17,,1100,大馬彩,安慰奖,,迷你裙,Mini Skirt,大馬彩
1994-02-19,,1100,大馬彩,特别奖,,可口粉,Delicious Powder,萬能
1994-02-19,,1100,大馬彩,特别奖,,迷你裙,Miniskirt,多多
1994-02-19,,1100,大馬彩,特别奖,,迷你裙,Mini Skirt,大馬彩
1991-11-25,,1100,萬能,安慰奖,,可口粉,Delicious Powder,萬能
1991-11-25,,1100,萬能,安慰奖,,迷你裙,Miniskirt,多多
1991-11-25,,1100,萬能,安慰奖,,迷你裙,Mini Skirt,大馬彩
1990-11-29,,1100,萬能,安慰奖,,可口粉,Delicious Powder,萬能
1990-11-29,,1100,萬能,安慰奖,,迷你裙,Miniskirt,多多
1990-11-29,,1100,萬能,安慰奖,,迷你裙,Mini Skirt,大馬彩
1988-08-06,,1100,萬能,安慰奖,,可口粉,Delicious Powder,萬能
1988-08-06,,1100,萬能,安慰奖,,迷你裙,Miniskirt,多多
1988-08-06,,1100,萬能,安慰奖,,迷你裙,Mini Skirt,大馬彩
