开彩日期,开彩日,彩号,秦庄,彩金,抽奖,史记秦本纪,史记楚辞,史记秦庄
2021-02-10,,7752,萬能,特别奖,,裤失火,Pants On Fire,萬能
2021-02-10,,7752,萬能,特别奖,,汽车天线,Car Antenna,多多
2021-02-10,,7752,萬能,特别奖,,保释金,Bail,大馬彩
2020-02-23,,7752,大馬彩,安慰奖,,裤失火,Pants On Fire,萬能
2020-02-23,,7752,大馬彩,安慰奖,,汽车天线,Car Antenna,多多
2020-02-23,,7752,大馬彩,安慰奖,,保释金,Bail,大馬彩
2019-10-09,,7752,多多,首奖,,裤失火,Pants On Fire,萬能
2019-10-09,,7752,多多,首奖,,汽车天线,Car Antenna,多多
2019-10-09,,7752,多多,首奖,,保释金,Bail,大馬彩
2019-08-07,,7752,萬能,特别奖,,裤失火,Pants On Fire,萬能
2019-08-07,,7752,萬能,特别奖,,汽车天线,Car Antenna,多多
2019-08-07,,7752,萬能,特别奖,,保释金,Bail,大馬彩
2019-04-17,,7752,萬能,特别奖,,裤失火,Pants On Fire,萬能
2019-04-17,,7752,萬能,特别奖,,汽车天线,Car Antenna,多多
2019-04-17,,7752,萬能,特别奖,,保释金,Bail,大馬彩
2019-03-17,,7752,星池,特别奖,,裤失火,Pants On Fire,萬能
2019-03-17,,7752,星池,特别奖,,汽车天线,Car Antenna,多多
2019-03-17,,7752,星池,特别奖,,保释金,Bail,大馬彩
2018-07-07,,7752,萬能,特别奖,,裤失火,Pants On Fire,萬能
2018-07-07,,7752,萬能,特别奖,,汽车天线,Car Antenna,多多
2018-07-07,,7752,萬能,特别奖,,保释金,Bail,大馬彩
2017-04-09,,7752,星池,安慰奖,,裤失火,Pants On Fire,萬能
2017-04-09,,7752,星池,安慰奖,,汽车天线,Car Antenna,多多
2017-04-09,,7752,星池,安慰奖,,保释金,Bail,大馬彩
2016-08-21,,7752,星池,特别奖,,裤失火,Pants On Fire,萬能
2016-08-21,,7752,星池,特别奖,,汽车天线,Car Antenna,多多
2016-08-21,,7752,星池,特别奖,,保释金,Bail,大馬彩
2016-07-06,,7752,多多,特别奖,,裤失火,Pants On Fire,萬能
2016-07-06,,7752,多多,特别奖,,汽车天线,Car Antenna,多多
2016-07-06,,7752,多多,特别奖,,保释金,Bail,大馬彩
2013-10-26,,7752,多多,安慰奖,,裤失火,Pants On Fire,萬能
2013-10-26,,7752,多多,安慰奖,,汽车天线,Car Antenna,多多
2013-10-26,,7752,多多,安慰奖,,保释金,Bail,大馬彩
2012-07-08,,7752,萬能,特别奖,,裤失火,Pants On Fire,萬能
2012-07-08,,7752,萬能,特别奖,,汽车天线,Car Antenna,多多
2012-07-08,,7752,萬能,特别奖,,保释金,Bail,大馬彩
2012-04-15,,7752,大馬彩,安慰奖,,裤失火,Pants On Fire,萬能
2012-04-15,,7752,大馬彩,安慰奖,,汽车天线,Car Antenna,多多
2012-04-15,,7752,大馬彩,安慰奖,,保释金,Bail,大馬彩
2012-02-25,,7752,多多,安慰奖,,裤失火,Pants On Fire,萬能
2012-02-25,,7752,多多,安慰奖,,汽车天线,Car Antenna,多多
2012-02-25,,7752,多多,安慰奖,,保释金,Bail,大馬彩
2010-07-18,,7752,大馬彩,安慰奖,,裤失火,Pants On Fire,萬能
2010-07-18,,7752,大馬彩,安慰奖,,汽车天线,Car Antenna,多多
2010-07-18,,7752,大馬彩,安慰奖,,保释金,Bail,大馬彩
2009-12-16,,7752,多多,安慰奖,,裤失火,Pants On Fire,萬能
2009-12-16,,7752,多多,安慰奖,,汽车天线,Car Antenna,多多
2009-12-16,,7752,多多,安慰奖,,保释金,Bail,大馬彩
2009-08-23,,7752,星池,安慰奖,,裤失火,Pants On Fire,萬能
2009-08-23,,7752,星池,安慰奖,,汽车天线,Car Antenna,多多
2009-08-23,,7752,星池,安慰奖,,保释金,Bail,大馬彩
2009-05-10,,7752,星池,特别奖,,裤失火,Pants On Fire,萬能
2009-05-10,,7752,星池,特别奖,,汽车天线,Car Antenna,多多
2009-05-10,,7752,星池,特别奖,,保释金,Bail,大馬彩
2008-12-31,,7752,星池,安慰奖,,裤失火,Pants On Fire,萬能
2008-12-31,,7752,星池,安慰奖,,汽车天线,Car Antenna,多多
2008-12-31,,7752,星池,安慰奖,,保释金,Bail,大馬彩
2008-12-14,,7752,大馬彩,安慰奖,,裤失火,Pants On Fire,萬能
2008-12-14,,7752,大馬彩,安慰奖,,汽车天线,Car Antenna,多多
2008-12-14,,7752,大馬彩,安慰奖,,保释金,Bail,大馬彩
2007-12-22,,7752,大馬彩,安慰奖,,裤失火,Pants On Fire,萬能
2007-12-22,,7752,大馬彩,安慰奖,,汽车天线,Car Antenna,多多
2007-12-22,,7752,大馬彩,安慰奖,,保释金,Bail,大馬彩
2007-06-06,,7752,大馬彩,安慰奖,,裤失火,Pants On Fire,萬能
2007-06-06,,7752,大馬彩,安慰奖,,汽车天线,Car Antenna,多多
2007-06-06,,7752,大馬彩,安慰奖,,保释金,Bail,大馬彩
2005-10-29,,7752,多多,三奖,,裤失火,Pants On Fire,萬能
2005-10-29,,7752,多多,三奖,,汽车天线,Car Antenna,多多
2005-10-29,,7752,多多,三奖,,保释金,Bail,大馬彩
2004-09-01,,7752,大馬彩,安慰奖,,裤失火,Pants On Fire,萬能
2004-09-01,,7752,大馬彩,安慰奖,,汽车天线,Car Antenna,多多
2004-09-01,,7752,大馬彩,安慰奖,,保释金,Bail,大馬彩
2004-06-13,,7752,多多,特别奖,,裤失火,Pants On Fire,萬能
2004-06-13,,7752,多多,特别奖,,汽车天线,Car Antenna,多多
2004-06-13,,7752,多多,特别奖,,保释金,Bail,大馬彩
2004-05-08,,7752,多多,三奖,,裤失火,Pants On Fire,萬能
2004-05-08,,7752,多多,三奖,,汽车天线,Car Antenna,多多
2004-05-08,,7752,多多,三奖,,保释金,Bail,大馬彩
2003-06-11,,7752,大馬彩,安慰奖,,裤失火,Pants On Fire,萬能
2003-06-11,,7752,大馬彩,安慰奖,,汽车天线,Car Antenna,多多
2003-06-11,,7752,大馬彩,安慰奖,,保释金,Bail,大馬彩
2001-09-05,,7752,大馬彩,安慰奖,,裤失火,Pants On Fire,萬能
2001-09-05,,7752,大馬彩,安慰奖,,汽车天线,Car Antenna,多多
2001-09-05,,7752,大馬彩,安慰奖,,保释金,Bail,大馬彩
2000-02-23,,7752,多多,特别奖,,裤失火,Pants On Fire,萬能
2000-02-23,,7752,多多,特别奖,,汽车天线,Car Antenna,多多
2000-02-23,,7752,多多,特别奖,,保释金,Bail,大馬彩
2000-02-19,,7752,大馬彩,安慰奖,,裤失火,Pants On Fire,萬能
2000-02-19,,7752,大馬彩,安慰奖,,汽车天线,Car Antenna,多多
2000-02-19,,7752,大馬彩,安慰奖,,保释金,Bail,大馬彩
1999-04-21,,7752,萬能,特别奖,,裤失火,Pants On Fire,萬能
1999-04-21,,7752,萬能,特别奖,,汽车天线,Car Antenna,多多
1999-04-21,,7752,萬能,特别奖,,保释金,Bail,大馬彩
1999-04-03,,7752,萬能,特别奖,,裤失火,Pants On Fire,萬能
1999-04-03,,7752,萬能,特别奖,,汽车天线,Car Antenna,多多
1999-04-03,,7752,萬能,特别奖,,保释金,Bail,大馬彩
1998-06-07,,7752,大馬彩,二奖,,裤失火,Pants On Fire,萬能
1998-06-07,,7752,大馬彩,二奖,,汽车天线,Car Antenna,多多
1998-06-07,,7752,大馬彩,二奖,,保释金,Bail,大馬彩
1997-03-02,,7752,萬能,安慰奖,,裤失火,Pants On Fire,萬能
1997-03-02,,7752,萬能,安慰奖,,汽车天线,Car Antenna,多多
1997-03-02,,7752,萬能,安慰奖,,保释金,Bail,大馬彩
1996-12-28,,7752,多多,特别奖,,裤失火,Pants On Fire,萬能
1996-12-28,,7752,多多,特别奖,,汽车天线,Car Antenna,多多
1996-12-28,,7752,多多,特别奖,,保释金,Bail,大馬彩
1993-08-21,,7752,大馬彩,特别奖,,裤失火,Pants On Fire,萬能
1993-08-21,,7752,大馬彩,特别奖,,汽车天线,Car Antenna,多多
1993-08-21,,7752,大馬彩,特别奖,,保释金,Bail,大馬彩
1993-05-19,,7752,大馬彩,特别奖,,裤失火,Pants On Fire,萬能
1993-05-19,,7752,大馬彩,特别奖,,汽车天线,Car Antenna,多多
1993-05-19,,7752,大馬彩,特别奖,,保释金,Bail,大馬彩
1993-02-24,,7752,多多,特别奖,,裤失火,Pants On Fire,萬能
1993-02-24,,7752,多多,特别奖,,汽车天线,Car Antenna,多多
1993-02-24,,7752,多多,特别奖,,保释金,Bail,大馬彩
1992-02-08,,7752,萬能,特别奖,,裤失火,Pants On Fire,萬能
1992-02-08,,7752,萬能,特别奖,,汽车天线,Car Antenna,多多
1992-02-08,,7752,萬能,特别奖,,保释金,Bail,大馬彩
1990-09-06,,7752,萬能,特别奖,,裤失火,Pants On Fire,萬能
1990-09-06,,7752,萬能,特别奖,,汽车天线,Car Antenna,多多
1990-09-06,,7752,萬能,特别奖,,保释金,Bail,大馬彩
1989-12-18,,7752,萬能,安慰奖,,裤失火,Pants On Fire,萬能
1989-12-18,,7752,萬能,安慰奖,,汽车天线,Car Antenna,多多
1989-12-18,,7752,萬能,安慰奖,,保释金,Bail,大馬彩
1989-06-01,,7752,萬能,安慰奖,,裤失火,Pants On Fire,萬能
1989-06-01,,7752,萬能,安慰奖,,汽车天线,Car Antenna,多多
1989-06-01,,7752,萬能,安慰奖,,保释金,Bail,大馬彩
1988-10-31,,7752,萬能,安慰奖,,裤失火,Pants On Fire,萬能
1988-10-31,,7752,萬能,安慰奖,,汽车天线,Car Antenna,多多
1988-10-31,,7752,萬能,安慰奖,,保释金,Bail,大馬彩
1988-06-20,,7752,萬能,二奖,,裤失火,Pants On Fire,萬能
1988-06-20,,7752,萬能,二奖,,汽车天线,Car Antenna,多多
1988-06-20,,7752,萬能,二奖,,保释金,Bail,大馬彩
1985-10-26,,7752,萬能,安慰奖,,裤失火,Pants On Fire,萬能
1985-10-26,,7752,萬能,安慰奖,,汽车天线,Car Antenna,多多
1985-10-26,,7752,萬能,安慰奖,,保释金,Bail,大馬彩
1985-10-13,,7752,萬能,安慰奖,,裤失火,Pants On Fire,萬能
1985-10-13,,7752,萬能,安慰奖,,汽车天线,Car Antenna,多多
1985-10-13,,7752,萬能,安慰奖,,保释金,Bail,大馬彩
