开彩日期,彩号,秦庄,英庄,奖,秦典,英典
2024-03-24,6694,萬能,toto,安慰奖,起亚汽车,Kia Vehicle
2024-03-16,6694,多多博彩,magnum,特别奖,貌,Appearance
2023-06-10,6694,大馬彩,damacai,首奖,貌,Appearance
2022-12-25,6694,萬能,toto,特别奖,起亚汽车,Kia Vehicle
2022-03-20,6694,多多博彩,magnum,安慰奖,貌,Appearance
2021-10-03,6694,,sg4d,安慰奖,,
2021-02-09,6694,多多博彩,magnum,首奖,貌,Appearance
2019-10-13,6694,大馬彩,damacai,特别奖,貌,Appearance
2019-08-18,6694,多多博彩,magnum,安慰奖,貌,Appearance
2018-06-20,6694,多多博彩,magnum,安慰奖,貌,Appearance
2017-01-31,6694,多多博彩,magnum,特别奖,貌,Appearance
2017-01-24,6694,大馬彩,damacai,特别奖,貌,Appearance
2017-01-01,6694,萬能,toto,安慰奖,起亚汽车,Kia Vehicle
2016-08-17,6694,萬能,toto,特别奖,起亚汽车,Kia Vehicle
2016-07-23,6694,多多博彩,magnum,安慰奖,貌,Appearance
2015-12-01,6694,萬能,toto,特别奖,起亚汽车,Kia Vehicle
2015-07-19,6694,大馬彩,damacai,安慰奖,貌,Appearance
2014-01-05,6694,,sg4d,安慰奖,,
2013-12-03,6694,萬能,toto,安慰奖,起亚汽车,Kia Vehicle
2012-05-20,6694,多多博彩,magnum,安慰奖,貌,Appearance
2012-02-22,6694,萬能,toto,特别奖,起亚汽车,Kia Vehicle
2007-08-12,6694,多多博彩,magnum,安慰奖,貌,Appearance
2005-02-23,6694,萬能,toto,安慰奖,起亚汽车,Kia Vehicle
2004-01-11,6694,萬能,toto,三奖,起亚汽车,Kia Vehicle
2003-08-17,6694,大馬彩,damacai,特别奖,貌,Appearance
2003-06-03,6694,萬能,toto,三奖,起亚汽车,Kia Vehicle
2002-11-16,6694,大馬彩,damacai,首奖,貌,Appearance
1999-07-18,6694,多多博彩,magnum,安慰奖,貌,Appearance
1999-06-12,6694,大馬彩,damacai,二奖,貌,Appearance
1999-06-05,6694,大馬彩,damacai,特别奖,貌,Appearance
1999-04-11,6694,萬能,toto,特别奖,起亚汽车,Kia Vehicle
1997-08-23,6694,大馬彩,damacai,安慰奖,貌,Appearance
1997-04-16,6694,萬能,toto,安慰奖,起亚汽车,Kia Vehicle
1996-06-15,6694,大馬彩,damacai,特别奖,貌,Appearance
1996-01-03,6694,多多博彩,magnum,三奖,貌,Appearance
1995-08-20,6694,萬能,toto,安慰奖,起亚汽车,Kia Vehicle
1995-04-05,6694,多多博彩,magnum,安慰奖,貌,Appearance
1995-02-04,6694,萬能,toto,首奖,起亚汽车,Kia Vehicle
1994-08-17,6694,大馬彩,damacai,安慰奖,貌,Appearance
1992-04-22,6694,大馬彩,damacai,特别奖,貌,Appearance
1991-07-01,6694,多多博彩,magnum,特别奖,貌,Appearance
1989-04-10,6694,多多博彩,magnum,安慰奖,貌,Appearance
1986-06-08,6694,多多博彩,magnum,首奖,貌,Appearance
