开彩日期,彩号,秦庄,英庄,奖,秦典,英典
2024-09-11,5547,萬能,toto,安慰奖,法国餐厅,French Restaurant
2024-08-03,5547,多多博彩,magnum,安慰奖,演讲,Speech
2024-02-11,5547,萬能,toto,特别奖,法国餐厅,French Restaurant
2023-12-17,5547,,sg4d,二奖,,
2023-02-04,5547,,sg4d,安慰奖,,
2023-01-21,5547,大馬彩,damacai,特别奖,演讲,Giving A Speech
2022-11-30,5547,萬能,toto,三奖,法国餐厅,French Restaurant
2022-04-02,5547,多多博彩,magnum,安慰奖,演讲,Speech
2021-09-08,5547,,sg4d,特别奖,,
2020-02-26,5547,,sg4d,安慰奖,,
2019-08-20,5547,萬能,toto,安慰奖,法国餐厅,French Restaurant
2019-02-10,5547,萬能,toto,安慰奖,法国餐厅,French Restaurant
2017-08-20,5547,,sg4d,安慰奖,,
2017-04-02,5547,多多博彩,magnum,特别奖,演讲,Speech
2017-01-21,5547,大馬彩,damacai,特别奖,演讲,Giving A Speech
2016-08-03,5547,多多博彩,magnum,特别奖,演讲,Speech
2016-03-30,5547,大馬彩,damacai,特别奖,演讲,Giving A Speech
2015-10-07,5547,萬能,toto,三奖,法国餐厅,French Restaurant
2015-02-03,5547,多多博彩,magnum,特别奖,演讲,Speech
2014-08-05,5547,多多博彩,magnum,特别奖,演讲,Speech
2014-05-10,5547,多多博彩,magnum,三奖,演讲,Speech
2014-02-04,5547,萬能,toto,特别奖,法国餐厅,French Restaurant
2013-08-11,5547,,sg4d,特别奖,,
2012-06-17,5547,多多博彩,magnum,安慰奖,演讲,Speech
2011-04-10,5547,,sg4d,特别奖,,
2010-01-23,5547,大馬彩,damacai,二奖,演讲,Giving A Speech
2009-09-27,5547,,sg4d,安慰奖,,
2008-12-17,5547,,sg4d,二奖,,
2008-09-20,5547,多多博彩,magnum,特别奖,演讲,Speech
2008-08-30,5547,,sg4d,安慰奖,,
2008-08-17,5547,大馬彩,damacai,特别奖,演讲,Giving A Speech
2006-10-21,5547,萬能,toto,特别奖,法国餐厅,French Restaurant
2005-11-08,5547,大馬彩,damacai,安慰奖,演讲,Giving A Speech
2005-07-31,5547,多多博彩,magnum,特别奖,演讲,Speech
2005-06-08,5547,萬能,toto,特别奖,法国餐厅,French Restaurant
2005-04-10,5547,萬能,toto,安慰奖,法国餐厅,French Restaurant
2005-03-26,5547,大馬彩,damacai,特别奖,演讲,Giving A Speech
2002-11-27,5547,大馬彩,damacai,特别奖,演讲,Giving A Speech
2002-09-28,5547,大馬彩,damacai,特别奖,演讲,Giving A Speech
2001-12-22,5547,多多博彩,magnum,安慰奖,演讲,Speech
2001-12-02,5547,多多博彩,magnum,安慰奖,演讲,Speech
2000-11-01,5547,萬能,toto,首奖,法国餐厅,French Restaurant
2000-02-27,5547,多多博彩,magnum,安慰奖,演讲,Speech
1999-09-18,5547,萬能,toto,安慰奖,法国餐厅,French Restaurant
1999-03-13,5547,大馬彩,damacai,首奖,演讲,Giving A Speech
1999-02-28,5547,多多博彩,magnum,安慰奖,演讲,Speech
1998-02-22,5547,萬能,toto,安慰奖,法国餐厅,French Restaurant
1997-11-26,5547,萬能,toto,安慰奖,法国餐厅,French Restaurant
1996-05-19,5547,萬能,toto,特别奖,法国餐厅,French Restaurant
1995-01-29,5547,多多博彩,magnum,安慰奖,演讲,Speech
1994-12-14,5547,多多博彩,magnum,特别奖,演讲,Speech
1994-09-03,5547,大馬彩,damacai,特别奖,演讲,Giving A Speech
1993-06-27,5547,大馬彩,damacai,特别奖,演讲,Giving A Speech
1993-05-01,5547,大馬彩,damacai,特别奖,演讲,Giving A Speech
1986-08-17,5547,多多博彩,magnum,特别奖,演讲,Speech
