开彩日期,彩号,秦庄,英庄,奖,秦典,英典
2024-08-25,7394,多多博彩,magnum,特别奖,塑胶匙,Plastic Spoon
2024-04-28,7394,,sg4d,二奖,,
2022-11-19,7394,多多博彩,magnum,特别奖,塑胶匙,Plastic Spoon
2022-09-14,7394,萬能,toto,特别奖,土拨鼠,Marmot
2022-05-01,7394,多多博彩,magnum,安慰奖,塑胶匙,Plastic Spoon
2021-10-10,7394,萬能,toto,特别奖,土拨鼠,Marmot
2021-05-16,7394,大馬彩,damacai,特别奖,提案,Proposal
2021-04-25,7394,多多博彩,magnum,三奖,塑胶匙,Plastic Spoon
2019-11-24,7394,,sg4d,特别奖,,
2019-06-29,7394,萬能,toto,特别奖,土拨鼠,Marmot
2018-12-29,7394,,sg4d,特别奖,,
2018-11-03,7394,大馬彩,damacai,特别奖,提案,Proposal
2018-05-27,7394,多多博彩,magnum,三奖,塑胶匙,Plastic Spoon
2018-05-16,7394,大馬彩,damacai,安慰奖,提案,Proposal
2017-10-07,7394,,sg4d,安慰奖,,
2015-02-25,7394,多多博彩,magnum,特别奖,塑胶匙,Plastic Spoon
2013-09-11,7394,萬能,toto,安慰奖,土拨鼠,Marmot
2012-12-19,7394,,sg4d,安慰奖,,
2010-08-21,7394,萬能,toto,特别奖,土拨鼠,Marmot
2009-11-22,7394,大馬彩,damacai,特别奖,提案,Proposal
2009-11-21,7394,多多博彩,magnum,三奖,塑胶匙,Plastic Spoon
2009-11-18,7394,多多博彩,magnum,特别奖,塑胶匙,Plastic Spoon
2008-06-29,7394,,sg4d,安慰奖,,
2008-05-25,7394,,sg4d,特别奖,,
2007-06-05,7394,大馬彩,damacai,特别奖,提案,Proposal
2006-11-05,7394,大馬彩,damacai,安慰奖,提案,Proposal
2005-02-06,7394,大馬彩,damacai,特别奖,提案,Proposal
2004-07-28,7394,萬能,toto,特别奖,土拨鼠,Marmot
2004-07-18,7394,萬能,toto,安慰奖,土拨鼠,Marmot
2002-04-24,7394,多多博彩,magnum,安慰奖,塑胶匙,Plastic Spoon
2002-02-20,7394,多多博彩,magnum,安慰奖,塑胶匙,Plastic Spoon
2001-06-03,7394,萬能,toto,安慰奖,土拨鼠,Marmot
2001-04-15,7394,大馬彩,damacai,安慰奖,提案,Proposal
2000-10-25,7394,萬能,toto,特别奖,土拨鼠,Marmot
2000-04-19,7394,大馬彩,damacai,安慰奖,提案,Proposal
1999-08-22,7394,多多博彩,magnum,特别奖,塑胶匙,Plastic Spoon
1996-12-21,7394,多多博彩,magnum,安慰奖,塑胶匙,Plastic Spoon
1995-08-20,7394,萬能,toto,特别奖,土拨鼠,Marmot
1995-06-07,7394,大馬彩,damacai,特别奖,提案,Proposal
1994-05-16,7394,多多博彩,magnum,安慰奖,塑胶匙,Plastic Spoon
1993-07-31,7394,多多博彩,magnum,特别奖,塑胶匙,Plastic Spoon
1992-11-25,7394,萬能,toto,特别奖,土拨鼠,Marmot
1992-10-25,7394,萬能,toto,安慰奖,土拨鼠,Marmot
